427,1273,637,1270,637,1300,428,1303,
186,1236,885,1234,884,1268,185,1270,
129,1155,485,1151,486,1190,129,1194,
501,1150,876,1146,877,1180,502,1184,
130,1122,238,1122,238,1152,130,1152,
129,1088,233,1088,232,1119,128,1119,
131,1051,611,1042,612,1077,132,1086,
128,1002,509,993,510,1031,129,1040,
796,991,917,991,917,1021,796,1021,
133,967,300,968,300,998,133,997,
132,933,286,931,286,961,132,963,
809,919,912,919,911,954,808,954,
132,899,477,895,477,928,133,932,
131,866,416,863,416,893,131,896,
132,828,332,829,332,859,132,858,
809,820,911,820,911,852,809,852,
191,778,332,779,332,813,191,812,
448,777,532,777,532,808,448,808,
820,769,913,769,912,805,819,805,
127,744,645,739,645,772,127,777,
193,713,332,710,333,740,194,743,
435,710,532,710,532,740,435,740,
805,705,906,705,906,736,805,736,
129,678,561,677,561,707,129,708,
127,625,262,630,261,664,126,659,
423,623,534,631,532,668,421,660,
744,627,889,625,890,651,745,653,
124,583,511,581,510,610,124,613,
118,545,768,544,769,578,119,579,
118,519,383,513,383,542,119,549,
515,515,706,513,706,542,516,544,
214,463,815,466,815,500,215,498,
308,392,723,387,723,431,309,436,
317,361,710,363,710,391,317,389,
137,320,879,327,879,365,137,358,
154,287,864,295,864,328,154,320,
119,253,902,257,901,290,118,286,
246,102,673,97,674,171,247,176,