45,962,242,967,241,985,44,979,
44,934,295,941,295,963,44,956,
49,906,105,907,105,921,49,920,
103,659,466,660,467,677,103,676,
148,636,421,638,420,656,148,654,
104,593,473,594,473,614,103,612,
166,572,401,572,401,590,167,590,
175,507,400,506,401,525,175,526,
106,485,213,486,212,505,105,505,
417,487,474,485,475,503,417,505,
111,465,186,465,187,483,112,483,
418,467,473,465,473,480,418,482,
107,444,229,442,230,460,108,462,
426,444,473,445,473,461,426,460,
109,422,256,422,255,440,108,441,
108,401,290,400,290,419,108,419,
423,401,472,398,474,417,425,420,
107,361,219,360,219,378,107,379,
276,360,324,359,325,378,277,380,
424,358,472,356,473,375,424,377,
108,338,248,338,249,356,107,356,
242,338,345,341,344,359,242,356,
345,338,414,340,414,359,345,357,
417,338,454,339,454,355,417,354,
109,317,181,317,180,337,108,336,
264,315,327,317,326,337,263,335,
417,316,471,313,472,333,417,336,
110,277,178,278,177,294,109,293,
356,276,470,273,470,291,356,294,
109,255,324,255,324,274,109,273,
373,252,470,251,470,270,374,272,
221,233,358,233,358,251,220,252,
291,194,397,193,398,211,291,212,
115,168,224,171,223,197,114,194,
277,170,412,170,412,189,276,190,
255,148,433,147,434,166,255,166,
278,126,411,124,412,142,277,144,