113,522,350,518,350,541,113,545,
61,491,211,492,210,513,61,513,
355,487,421,484,421,503,356,507,
61,466,219,467,219,485,62,484,
61,437,145,442,144,464,60,459,
352,436,417,435,417,454,352,455,
262,418,305,417,305,433,262,434,
63,416,155,420,154,440,62,436,
357,413,417,412,417,430,357,431,
308,396,324,396,324,403,308,403,
67,391,141,395,140,413,66,409,
335,391,409,385,410,403,336,409,
72,367,303,366,302,388,73,389,
73,346,323,346,323,365,73,365,
73,323,216,326,215,345,73,341,
296,300,339,300,339,310,296,310,
74,299,297,300,297,318,74,317,
131,277,354,271,355,293,131,300,