14,862,765,770,775,926,34,1018,
175,767,515,745,516,766,176,788,
291,731,418,723,420,746,293,754,
127,703,569,680,571,705,128,727,
96,663,249,654,250,676,97,685,
500,645,571,644,571,663,500,664,
102,624,254,617,255,638,103,645,
334,619,376,616,377,636,335,639,
497,613,571,610,571,629,497,633,
102,594,220,593,220,614,102,615,
507,580,569,578,569,598,507,601,
101,563,189,563,190,585,102,585,
383,518,441,518,441,537,383,537,
278,519,316,519,316,538,278,538,
501,516,560,516,560,535,501,535,
110,488,431,488,430,511,110,511,
499,455,557,455,558,475,500,475,
390,458,439,455,441,475,391,478,
277,456,315,456,316,475,278,475,
107,420,498,425,498,453,106,449,
497,395,555,395,555,414,497,414,
377,396,437,396,437,415,377,415,
275,390,315,393,314,413,273,410,
107,353,476,364,475,392,106,381,
494,335,551,337,551,357,494,355,
375,333,437,333,438,355,376,355,
107,284,488,304,486,333,105,313,
355,273,540,280,539,302,354,295,
234,264,329,269,327,292,233,286,
210,271,238,270,238,282,210,283,
114,253,211,263,209,286,111,276,
220,221,463,243,460,272,218,250,
227,143,453,169,450,192,224,165,
253,106,435,133,431,158,250,131,