114,970,626,963,626,992,114,998,
92,926,338,919,339,945,93,952,
561,915,633,915,633,939,561,939,
89,894,261,886,263,913,91,921,
90,851,259,850,259,879,90,880,
571,839,632,839,632,867,571,867,
91,811,211,816,210,842,90,837,
98,774,301,773,301,799,98,800,
98,737,361,736,361,758,98,759,
346,677,396,677,396,701,346,701,
547,675,634,673,635,699,548,702,
94,676,253,676,253,699,94,699,
89,639,202,641,202,671,89,668,
549,638,634,638,635,662,550,662,
92,594,213,597,212,624,91,620,
544,590,633,590,633,615,544,615,
91,561,184,563,184,590,90,587,
100,517,187,517,187,540,100,540,
417,515,474,515,474,539,417,539,
550,512,622,512,622,535,550,535,
100,479,230,482,229,508,99,504,
417,480,475,480,475,503,417,503,
101,448,478,446,478,471,101,473,
285,411,328,411,328,431,285,431,
103,408,192,412,191,434,102,431,
544,407,615,407,615,430,544,430,
413,407,474,407,474,434,413,434,
104,375,230,380,230,402,104,397,
413,377,473,374,475,397,415,400,
106,347,497,343,497,366,106,369,
284,307,326,307,326,327,284,327,
106,305,193,307,193,330,106,327,
542,302,612,304,611,327,541,324,
412,305,470,303,472,327,413,330,
106,273,231,275,231,299,106,296,
413,272,472,272,472,295,413,295,
108,242,555,239,555,261,108,264,
377,210,593,209,593,230,377,231,
212,211,346,210,346,231,212,232,
116,208,218,211,218,234,115,230,
224,164,504,168,504,201,223,197,
96,123,130,123,131,140,97,140,
232,85,488,89,487,113,231,110,
258,48,465,52,464,77,257,73,