397,1323,599,1320,599,1349,397,1352,
164,1295,829,1289,829,1319,165,1325,
107,1221,449,1216,450,1252,108,1257,
435,1218,826,1217,826,1246,435,1248,
109,1191,209,1191,209,1217,109,1217,
105,1155,203,1159,201,1187,104,1184,
106,1121,573,1120,573,1150,106,1151,
103,1074,475,1068,476,1107,104,1113,
770,1067,877,1070,876,1106,769,1102,
100,1039,456,1034,457,1071,101,1076,
775,1036,874,1036,874,1067,775,1067,
106,1007,268,1007,268,1037,106,1037,
106,975,254,972,255,1002,107,1005,
774,969,870,969,870,1000,774,1000,
108,941,442,941,442,970,108,970,
106,908,384,908,384,938,106,938,
108,872,301,872,301,901,108,901,
769,868,865,868,865,899,769,899,
182,825,301,828,300,860,182,856,
541,822,623,822,623,852,541,852,
413,791,496,791,496,821,413,821,
169,791,300,791,300,821,169,821,
778,788,861,788,861,820,778,820,
105,756,534,757,534,791,105,790,
182,727,301,730,300,762,182,758,
538,724,620,724,620,754,538,754,
167,694,300,694,300,724,167,724,
411,695,494,691,495,722,413,726,
772,691,854,687,856,718,773,722,
102,656,554,659,554,697,102,694,
167,630,298,630,298,660,167,660,
412,629,493,629,493,659,412,659,
772,625,852,625,852,656,772,656,
103,593,514,596,513,630,103,627,
188,568,298,568,298,593,188,593,
413,562,494,565,492,595,411,592,
768,562,849,562,849,592,768,592,
100,532,614,531,614,565,100,566,
385,483,569,491,568,526,384,517,
104,485,236,491,235,521,103,515,
695,487,838,487,838,511,695,511,
103,443,471,443,471,471,103,471,
105,410,715,404,716,438,105,444,
108,383,350,380,351,408,108,411,
473,377,653,377,653,406,473,406,
198,333,761,332,761,366,198,367,
283,270,666,266,666,304,284,309,
288,242,657,239,658,267,288,270,
134,209,816,205,816,239,134,243,
148,181,801,175,802,203,149,209,
118,149,835,142,835,171,118,178,
231,17,613,13,614,72,232,77,