77,982,651,980,651,1009,78,1011,
58,920,328,924,328,954,58,950,
589,918,658,918,658,950,589,950,
59,880,246,883,245,913,59,910,
60,835,242,841,241,871,59,865,
56,801,189,801,189,827,56,827,
55,763,285,755,286,784,56,792,
49,727,356,714,357,740,50,752,
347,658,403,657,404,681,348,683,
36,663,307,655,308,680,37,688,
577,654,657,651,658,678,578,681,
35,621,231,617,231,646,35,650,
347,619,405,620,405,647,347,646,
576,617,657,614,658,642,577,644,
32,581,168,577,169,610,33,614,
574,575,655,575,655,602,574,602,
35,526,183,528,183,557,35,555,
568,525,648,525,648,551,568,551,
36,487,151,490,149,520,35,517,
416,443,481,443,481,469,416,469,
557,442,636,442,636,468,557,468,
266,441,316,441,316,464,266,464,
52,399,605,405,605,434,52,428,
556,366,629,366,629,389,556,389,
412,365,477,362,478,390,413,393,
263,362,315,359,317,383,265,385,
56,355,156,359,155,382,55,378,
413,326,479,326,479,353,413,353,
57,317,203,321,202,348,56,343,
61,283,624,294,624,319,61,307,
373,250,610,257,609,284,373,277,
281,252,333,252,333,272,281,272,
220,250,269,250,269,273,220,273,
71,244,186,249,185,274,69,270,
197,200,512,208,511,241,196,233,
206,116,493,123,493,148,206,142,
239,82,466,85,466,108,239,104,