43,961,240,963,240,981,43,979,
41,934,294,936,294,959,41,957,
49,905,98,906,98,920,49,919,
146,541,387,533,388,557,147,566,
93,512,244,510,243,528,92,530,
391,504,459,502,459,521,391,524,
93,482,252,483,252,501,93,500,
91,453,176,456,175,476,91,473,
389,451,456,450,456,469,390,470,
92,431,238,430,238,448,92,449,
286,429,341,426,342,445,287,448,
394,426,456,426,456,445,394,445,
92,406,172,406,172,424,92,424,
289,405,340,405,340,421,289,421,
393,403,455,403,455,421,393,421,
96,376,171,380,170,399,95,395,
362,376,455,374,454,392,362,395,
99,352,338,350,339,371,99,373,
101,330,361,328,361,346,101,348,
102,307,247,308,247,323,102,322,
98,276,383,275,383,296,98,298,
157,251,394,249,395,271,158,272,