320,951,430,954,430,976,320,973,
166,913,342,905,343,926,167,934,
164,800,319,796,319,816,164,819,
237,756,464,766,463,785,236,775,
163,734,218,730,219,749,164,753,
476,708,539,709,539,728,476,726,
162,708,301,703,302,721,162,726,
477,687,536,688,536,706,476,705,
161,686,263,683,264,703,161,705,
159,663,299,661,299,679,159,681,
478,642,542,641,542,659,478,660,
157,637,281,636,281,658,157,659,
475,598,527,600,526,616,474,614,
398,598,442,598,442,613,398,613,
152,598,352,597,352,615,152,616,
476,569,521,568,521,584,476,585,
398,569,441,569,441,584,398,584,
152,568,294,567,294,585,152,586,
476,541,521,540,521,556,476,557,
398,540,441,540,441,556,398,556,
151,538,341,538,341,557,151,556,
479,511,517,510,518,526,480,527,
399,511,437,511,438,527,400,527,
152,507,293,510,294,528,152,525,
400,483,437,483,437,498,400,498,
477,482,516,478,517,496,478,499,
153,477,291,482,290,500,152,495,
387,456,443,458,442,473,387,471,
475,454,515,453,515,469,475,470,
220,448,289,454,288,472,218,466,
178,422,340,428,339,446,177,440,
248,404,465,410,465,428,248,422,
330,385,416,387,415,406,329,404,
190,360,362,359,362,373,190,374,
187,344,293,343,293,358,187,359,
188,323,405,319,406,337,189,341,
220,285,476,279,477,297,220,303,