308,945,425,943,424,954,308,957,
162,920,450,922,450,945,163,943,
440,924,580,920,580,934,441,938,
515,894,588,895,588,913,515,912,
342,893,387,893,387,913,342,913,
140,881,269,888,268,907,139,900,
514,866,588,867,588,885,514,884,
137,850,225,856,224,881,136,875,
512,825,587,826,587,846,512,845,
139,811,234,816,232,842,137,837,
140,785,212,788,211,812,139,808,
517,756,581,757,581,776,517,775,
403,754,454,755,454,774,403,773,
293,752,328,753,328,769,293,768,
148,745,218,749,217,771,147,768,
405,722,455,723,455,743,405,742,
147,717,251,720,250,742,147,739,
150,691,523,693,522,712,149,710,
385,659,454,660,454,678,385,677,
505,659,576,660,576,679,505,678,
293,657,331,658,331,677,293,676,
150,632,488,628,489,649,151,653,
295,598,328,599,328,615,295,614,
391,597,450,596,451,615,392,617,
510,594,573,590,575,613,512,618,
152,571,531,565,530,587,152,593,
153,543,227,544,227,559,153,558,
402,535,471,536,471,555,402,554,
504,530,570,530,570,552,504,552,
151,514,258,513,258,531,152,532,
397,509,450,506,452,525,399,528,
152,487,515,478,516,497,153,506,
296,454,331,455,331,470,296,469,
390,452,447,448,447,467,390,471,
509,449,567,445,567,463,509,467,
154,431,499,422,499,443,155,452,
296,402,330,400,332,416,297,418,
400,401,446,398,447,414,401,417,
505,398,563,395,564,413,506,416,
159,381,496,378,496,396,159,399,
165,356,230,357,230,372,165,371,
302,356,332,357,332,371,302,370,
400,354,447,351,448,370,401,372,
501,352,559,352,559,370,501,370,
166,332,262,335,261,352,165,349,
402,334,447,334,447,350,402,350,
170,309,449,310,449,328,170,327,
394,287,447,287,447,303,394,303,
305,285,338,286,338,302,305,301,
499,286,553,283,554,301,500,304,
172,257,465,261,465,282,172,278,
455,240,541,240,541,255,455,255,
378,238,461,239,461,257,378,256,
274,236,380,237,380,255,274,254,
179,232,255,237,254,255,178,250,
260,204,472,208,472,230,259,226,
298,166,351,171,349,191,297,186,
268,144,466,147,466,166,268,163,
290,115,448,116,448,137,290,136,