131,912,519,897,520,922,132,937,
263,876,410,871,410,896,263,902,
79,842,582,825,584,851,81,868,
48,794,214,791,215,812,48,815,
506,779,584,778,585,802,507,803,
505,741,585,740,585,764,505,765,
58,748,224,745,224,771,58,774,
57,710,173,711,173,741,58,740,
515,703,583,705,583,729,514,727,
61,666,186,669,186,694,61,692,
512,660,581,659,582,682,513,683,
63,633,156,634,156,661,62,659,
504,587,570,586,571,609,505,610,
383,589,436,588,437,609,384,610,
73,588,162,589,162,612,72,610,
382,556,439,555,439,578,382,579,
75,554,203,556,203,579,74,576,
79,523,415,527,415,549,79,545,
85,488,552,491,551,519,85,516,
201,449,466,454,464,484,200,479,
207,373,453,381,451,402,206,395,
234,339,429,346,428,367,233,361,
236,15,427,24,423,106,231,97,