159,816,564,820,564,838,159,834,
208,788,516,792,516,813,208,809,
158,740,574,742,574,765,158,762,
228,714,493,715,492,738,228,736,
239,641,491,640,491,662,239,662,
156,617,280,616,280,638,157,639,
510,594,575,595,575,614,510,613,
166,594,251,595,250,614,166,613,
510,569,574,570,574,590,510,589,
157,568,299,566,299,588,158,590,
160,545,318,544,318,564,160,564,
509,520,573,520,573,539,509,540,
158,519,366,520,366,541,158,541,
509,472,573,472,573,490,509,491,
345,472,405,473,405,492,344,491,
156,473,290,473,289,491,156,492,
396,446,555,448,555,470,397,470,
330,448,398,447,398,466,331,468,
155,446,329,447,329,468,155,467,
500,424,562,421,563,440,501,443,
333,422,397,422,396,445,333,445,
156,421,240,422,239,445,156,443,
440,375,571,374,572,393,440,394,
156,374,238,375,238,394,155,393,
460,351,563,348,563,366,461,369,
156,349,405,351,404,373,155,370,
285,327,433,328,432,346,285,345,
366,280,485,279,485,298,366,299,
339,252,512,251,512,272,339,274,
166,251,288,255,287,277,166,274,
328,225,526,222,528,244,328,247,
320,198,535,193,535,215,321,220,