150,964,580,958,581,991,151,997,
294,935,458,932,458,959,295,961,
96,882,658,880,658,919,96,922,
571,833,662,831,662,857,572,860,
352,831,408,831,408,859,352,859,
74,827,252,827,252,852,74,852,
573,790,662,790,662,817,573,817,
72,786,211,791,210,821,71,816,
72,750,175,750,175,781,72,781,
580,703,658,703,658,730,580,730,
420,702,495,702,495,729,420,729,
286,703,331,703,331,723,286,723,
89,663,461,663,461,688,89,688,
577,622,653,622,653,645,577,645,
420,619,493,619,493,645,420,645,
287,619,334,619,334,642,287,642,
93,583,629,585,629,607,93,606,
574,541,651,541,651,564,574,564,
416,540,492,540,492,566,416,566,
288,540,335,540,335,563,288,563,
96,506,467,506,467,530,96,530,
290,465,334,465,334,485,290,485,
417,463,491,463,491,486,417,486,
570,460,651,457,652,484,571,487,
92,423,499,427,498,454,92,451,
427,385,491,383,492,408,428,411,
583,383,647,381,648,404,584,407,
89,340,567,345,567,381,88,376,
413,307,491,305,492,331,414,334,
569,305,645,305,645,332,569,332,
92,266,546,269,545,302,92,299,
247,238,303,238,303,260,247,260,
302,237,353,237,353,260,302,260,
392,235,483,235,483,260,392,260,
504,232,627,235,627,257,504,255,
103,232,230,242,228,263,101,253,
221,188,530,184,530,220,222,223,
231,98,513,104,512,128,230,123,
261,66,483,71,483,92,261,87,