349,1628,760,1639,758,1684,348,1674,
810,1595,924,1601,922,1633,808,1627,
186,1578,270,1584,267,1619,183,1612,
809,1551,923,1557,922,1589,808,1584,
184,1541,387,1544,386,1574,183,1571,
825,1507,924,1516,921,1550,822,1541,
182,1501,384,1502,384,1534,183,1533,
184,1461,319,1459,319,1486,184,1488,
822,1421,923,1423,923,1457,821,1453,
180,1414,375,1415,375,1447,180,1446,
833,1358,924,1363,923,1398,831,1392,
489,1350,566,1349,567,1378,490,1379,
171,1304,606,1297,607,1329,172,1336,
844,1237,922,1240,921,1275,843,1271,
489,1231,558,1230,559,1258,490,1259,
166,1191,404,1180,406,1213,167,1223,
832,1120,919,1119,919,1147,832,1148,
483,1113,562,1112,563,1141,484,1142,
163,1071,479,1060,479,1092,163,1103,
828,992,919,996,917,1030,826,1026,
478,998,561,997,561,1025,478,1026,
161,951,481,948,481,981,161,984,
826,873,915,872,915,901,826,902,
480,878,551,877,551,906,480,907,
159,830,347,825,348,859,160,864,
456,757,569,760,568,794,456,792,
754,751,914,747,915,781,756,785,
153,686,258,685,258,719,153,720,
152,641,465,636,466,668,153,673,
145,589,576,577,578,617,147,629,
136,453,341,450,342,488,137,491,
660,434,916,418,919,457,663,474,
358,378,672,361,675,405,361,422,
429,259,602,260,602,294,429,293,
309,208,715,194,717,245,311,260,
375,162,655,157,656,196,376,201,