45,961,241,964,241,982,45,979,
43,934,295,938,295,960,43,956,
56,907,98,908,98,919,56,918,
225,757,331,758,331,777,225,776,
168,723,400,723,399,741,167,741,
160,698,407,696,408,718,161,720,
310,665,424,664,423,682,309,684,
145,645,250,643,251,661,145,664,
379,642,424,643,424,662,379,661,
143,598,205,599,204,617,142,616,
216,598,308,596,308,614,216,617,
373,596,426,595,426,615,373,616,
143,575,205,576,205,594,143,593,
215,574,319,572,319,591,216,592,
369,573,425,571,426,591,370,593,
142,543,206,544,205,562,141,561,
215,542,314,540,313,559,215,560,
374,540,426,541,425,561,373,560,
142,519,207,519,207,538,143,539,
217,522,297,518,298,536,218,540,
360,518,425,519,425,538,360,537,
141,496,299,495,299,516,142,517,
355,496,424,494,424,513,356,514,
142,463,327,459,328,480,143,483,
142,438,323,439,324,457,142,456,
361,439,421,439,421,455,362,455,
146,417,197,417,196,433,145,433,
296,416,422,414,421,433,295,434,
178,379,387,382,387,403,178,400,
212,349,350,348,349,367,211,367,
142,283,214,284,213,302,141,301,
344,279,421,280,420,299,343,298,
144,262,196,262,196,278,144,278,
272,258,419,257,420,276,273,277,
144,238,207,239,207,258,144,257,
377,235,418,236,418,252,377,251,
198,169,349,168,349,235,199,236,