109,933,616,921,617,958,110,969,
277,895,473,890,474,923,278,928,
43,843,700,833,701,870,44,880,
356,777,421,777,421,809,356,809,
13,777,222,773,223,803,13,807,
617,774,710,771,710,802,618,805,
11,728,172,733,171,767,9,762,
616,725,709,722,710,756,617,759,
10,687,131,687,131,721,10,721,
188,627,267,627,267,655,188,655,
424,624,513,624,513,655,424,655,
263,626,319,626,319,651,263,651,
611,622,704,622,704,657,611,657,
26,580,534,578,535,611,26,613,
611,528,700,528,700,558,611,558,
423,528,513,528,513,559,423,559,
265,530,321,530,321,555,265,555,
29,486,576,485,576,514,29,515,
40,439,172,444,171,471,39,466,
392,437,500,442,499,473,390,468,
284,441,344,441,344,468,284,468,
531,439,678,436,679,465,532,467,
185,381,558,383,557,424,184,421,
196,279,534,282,533,310,196,308,
235,234,500,240,499,266,234,260,