227,895,575,898,575,920,227,917,
341,872,475,874,475,895,341,893,
181,835,638,843,639,869,180,861,
150,793,299,795,298,817,149,815,
564,799,645,800,645,823,565,822,
157,755,303,756,303,778,158,778,
567,764,645,764,646,787,568,788,
158,725,271,730,269,752,158,747,
576,730,645,730,645,752,576,752,
159,697,240,695,240,719,159,720,
331,655,370,654,370,673,332,674,
441,658,504,657,505,676,442,677,
571,655,639,655,640,680,572,679,
172,624,627,624,628,649,172,648,
334,590,373,589,373,608,335,609,
450,590,503,590,504,612,450,612,
578,589,635,589,635,612,579,614,
176,561,534,561,535,582,176,582,
449,527,503,527,504,549,450,549,
575,526,631,525,632,548,576,550,
181,498,512,498,512,520,181,520,
337,466,374,466,375,483,337,483,
440,467,501,466,501,486,441,487,
565,465,627,464,628,484,565,485,
181,435,602,433,603,462,182,464,
339,406,376,408,375,427,337,425,
442,408,500,406,501,427,442,428,
562,404,625,404,625,426,563,426,
188,379,614,375,614,401,188,405,
198,352,284,357,282,376,196,371,
306,355,610,347,610,369,306,377,
290,319,531,316,531,346,290,348,
296,257,519,254,519,275,297,278,
321,228,497,226,498,247,321,249,