63,972,259,967,259,985,63,990,
60,945,311,939,312,961,61,967,
66,915,121,914,121,928,66,929,
249,726,368,727,367,746,249,744,
259,707,359,708,359,725,259,724,
228,686,383,689,382,707,228,704,
245,668,373,669,373,687,245,686,
193,576,264,577,263,598,192,598,
192,551,296,551,297,569,193,569,
194,534,287,534,287,549,194,549,
192,513,270,514,270,532,193,532,
336,494,425,496,425,514,335,513,
195,490,292,494,291,515,194,511,
392,459,425,458,426,474,393,475,
315,457,382,459,382,475,316,473,
193,455,303,456,303,475,193,473,
384,436,428,438,426,457,382,455,
247,438,297,439,296,455,246,454,
317,421,361,420,362,435,318,436,
269,418,302,420,301,436,269,434,
299,400,349,399,349,418,299,419,
254,402,303,401,303,417,254,418,
195,383,249,382,249,400,195,401,
194,362,302,364,302,382,194,380,
365,345,425,344,425,362,365,363,
321,350,343,350,343,358,321,358,
196,340,270,343,269,363,195,360,
384,306,425,305,425,324,384,325,
194,307,287,307,286,325,193,325,
351,288,426,287,426,305,351,306,
195,286,254,288,253,307,194,305,
385,270,425,269,426,285,386,286,
195,269,254,270,254,288,195,287,
331,252,425,247,426,265,331,270,
197,234,274,232,275,250,197,252,
321,232,426,227,428,245,322,251,
199,216,249,214,249,230,199,232,
364,209,426,207,427,226,364,228,
265,157,344,155,344,179,265,181,