227,875,571,874,571,897,228,897,
271,854,530,853,530,875,271,876,
227,812,580,813,579,838,228,837,
289,790,512,792,512,815,289,812,
436,730,578,735,578,754,435,749,
230,736,340,734,341,749,230,751,
229,715,434,708,434,727,229,733,
443,690,578,693,578,711,443,708,
230,690,373,689,373,708,231,710,
296,650,508,649,509,668,296,669,
229,630,333,629,333,647,230,648,
524,609,578,610,578,628,524,627,
237,610,309,610,308,626,237,627,
524,589,578,590,578,608,524,607,
230,589,349,588,349,606,230,607,
516,571,571,570,571,585,517,586,
233,571,365,570,364,585,232,586,
524,548,577,549,578,567,524,567,
231,549,405,548,405,567,231,567,
525,508,578,510,577,529,524,527,
386,507,436,508,436,527,386,527,
229,510,339,510,339,525,229,525,
228,488,400,489,400,508,228,507,
340,468,555,469,555,487,340,486,
229,469,348,469,348,485,229,485,
526,449,578,447,578,463,526,465,
387,449,436,449,436,464,387,464,
229,449,338,449,338,464,229,464,
226,426,557,426,557,448,226,447,
528,409,579,407,579,423,529,425,
527,388,579,386,580,402,528,404,
383,386,438,386,439,405,382,404,
227,384,340,386,339,404,227,402,
227,364,456,366,456,384,226,382,
518,341,573,342,573,361,518,361,
376,343,430,344,430,364,376,363,
227,341,299,345,298,364,226,361,
469,301,578,302,579,320,469,319,
226,302,295,302,295,320,227,320,
485,282,571,280,571,296,485,298,
226,281,437,281,437,299,227,299,
336,259,463,260,463,278,336,277,
403,218,509,218,509,236,404,237,
391,194,524,195,524,214,391,213,
227,191,340,191,340,220,227,220,
379,170,537,172,536,192,379,189,
396,146,519,146,519,168,396,168,