264,1205,742,1212,742,1247,264,1240,
125,1100,379,1104,378,1152,124,1148,
769,1109,888,1111,887,1152,768,1150,
427,1031,542,1033,542,1074,427,1072,
767,1033,886,1035,886,1075,767,1073,
136,967,537,976,536,1015,135,1005,
765,911,880,913,880,949,765,947,
439,905,535,907,534,948,438,946,
148,847,616,851,615,885,147,881,
442,782,537,784,536,826,441,824,
780,787,874,788,873,825,779,824,
154,724,496,735,494,774,153,762,
446,673,536,675,535,710,445,708,
774,673,870,671,870,708,775,710,
165,618,518,624,517,658,164,652,
438,570,546,572,546,602,438,600,
700,558,864,551,865,592,702,599,
178,453,353,456,353,484,178,481,
633,450,856,439,858,473,635,485,
362,398,661,389,663,429,363,438,
351,304,675,291,676,324,353,337,
194,264,843,243,845,282,195,303,
355,220,672,206,674,244,356,259,