352,981,733,954,740,1050,362,1062,
233,844,502,842,502,861,234,862,
324,821,427,820,426,839,323,840,
200,793,550,791,549,809,201,812,
183,757,298,756,299,774,184,775,
183,734,262,735,262,754,183,754,
493,754,554,755,555,774,493,774,
184,701,270,704,269,724,184,721,
492,729,554,729,554,748,492,748,
183,679,248,680,248,700,183,699,
494,697,554,697,554,717,493,716,
393,646,450,647,450,663,393,663,
490,644,550,644,550,663,489,663,
191,623,535,620,535,642,192,645,
401,594,451,594,451,613,401,614,
497,593,547,594,546,613,497,612,
193,574,479,572,480,590,194,592,
400,545,450,545,451,565,400,565,
496,544,547,544,548,564,496,564,
193,524,527,521,527,543,193,545,
399,499,450,496,450,514,399,517,
494,497,547,495,547,515,494,516,
194,448,256,448,256,465,194,464,
193,474,517,473,517,495,193,496,
400,449,450,450,450,468,401,469,
194,424,285,427,285,445,193,443,
494,449,545,448,545,468,495,468,
402,426,451,427,449,444,402,443,
196,402,446,405,445,423,195,420,
202,381,273,382,272,398,202,396,
290,379,537,379,537,402,289,402,
277,351,472,354,473,376,277,374,
283,298,465,299,465,319,283,317,
301,275,446,276,447,294,302,294,