249,375,249,394,182,394,182,375,
250,418,250,433,181,433,181,418,
259,825,258,841,176,836,177,820,
264,613,264,631,182,631,182,613,
288,630,289,653,176,657,175,635,
298,504,297,522,177,519,177,501,
304,267,302,296,180,290,182,261,
298,461,298,476,179,476,179,461,
304,592,304,610,180,610,180,592,
322,567,322,586,179,586,179,567,
335,481,335,499,178,499,178,481,
367,544,366,565,178,564,178,543,
397,417,397,436,334,436,334,417,
399,504,399,522,344,521,344,503,
401,355,401,374,181,372,181,353,
402,463,402,478,341,477,341,462,
425,332,425,353,282,352,282,331,
426,438,426,460,178,459,178,437,
443,819,443,837,250,842,250,824,
474,294,473,312,353,311,354,293,
482,653,482,675,240,677,240,655,
484,246,484,264,352,266,352,248,
484,722,484,744,230,747,230,724,
496,480,496,501,325,500,325,479,
501,218,502,241,333,246,332,223,
502,266,503,288,330,290,329,269,
506,792,506,814,211,818,210,797,
511,435,510,458,421,455,421,433,
541,352,541,368,446,369,446,353,
542,414,542,433,478,433,478,414,
544,372,544,391,433,394,433,374,
548,458,548,476,484,476,484,458,
550,500,550,519,491,519,491,500,
551,817,551,835,443,837,443,819,
552,543,552,562,493,562,493,543,
553,609,553,628,491,628,491,609,
554,589,554,608,494,608,494,589,
555,632,555,652,502,652,502,632,
557,746,558,769,176,773,176,751,