198,952,266,952,265,963,197,963,
361,949,467,947,467,957,360,960,
472,945,532,943,532,953,473,956,
308,929,442,925,443,944,309,947,
139,904,612,898,612,919,140,925,
358,868,406,868,406,888,358,888,
112,864,264,865,264,886,112,885,
551,865,620,865,621,884,551,884,
108,833,227,839,226,862,107,856,
553,835,622,836,622,855,553,854,
105,803,194,805,192,832,103,830,
407,764,477,765,477,787,407,786,
286,763,329,764,329,784,286,783,
552,761,622,762,622,786,552,785,
109,731,457,730,457,753,109,753,
404,691,476,692,475,714,403,713,
286,691,329,692,328,712,285,711,
550,691,623,692,622,714,549,713,
108,659,589,656,589,681,108,685,
284,617,327,618,327,639,284,638,
414,614,475,615,475,642,414,641,
557,614,619,615,619,643,557,642,
109,586,578,581,578,606,109,611,
116,552,348,548,349,577,116,580,
380,548,599,545,600,571,381,575,
227,510,506,506,507,535,228,539,
239,435,489,433,489,451,239,453,
267,401,465,399,466,418,267,420,