276,690,275,705,212,703,213,687,
321,719,322,742,208,745,207,722,
321,589,321,605,270,606,270,590,
328,611,328,630,234,630,234,610,
335,544,334,566,267,565,268,542,
341,336,340,354,221,351,221,333,
379,502,379,521,204,520,205,500,
387,648,387,674,208,678,207,652,
438,304,439,322,381,323,380,305,
459,471,458,489,206,490,207,472,
473,442,472,461,350,461,351,443,
492,595,491,615,439,614,441,593,
488,358,489,376,343,376,342,358,
504,772,504,798,334,794,334,768,
498,379,498,398,335,401,335,382,
531,407,531,433,300,434,300,409,
565,833,564,854,293,850,293,829,
604,268,604,293,230,299,230,273,
613,328,613,353,333,358,333,333,
622,596,622,615,568,616,568,597,
630,647,630,675,536,672,538,645,
630,686,630,705,568,707,568,688,