47,963,244,962,244,980,47,981,
46,936,297,935,297,957,46,958,
53,907,101,907,101,921,53,921,
82,654,453,650,453,685,83,689,
13,609,232,611,232,640,13,638,
441,606,555,604,557,628,443,631,
18,570,245,576,244,602,18,596,
23,534,141,540,140,567,22,561,
435,535,543,531,543,554,436,558,
282,512,371,508,372,528,283,531,
30,505,226,514,225,537,29,528,
440,504,539,501,539,520,441,523,
298,483,370,481,371,499,299,501,
36,476,201,482,200,504,36,498,
449,476,533,475,534,494,449,495,
297,460,368,456,369,474,298,478,
444,452,526,450,526,469,445,472,
40,452,173,460,172,479,39,471,
309,434,366,432,367,450,310,452,
452,430,520,429,520,445,452,446,
43,426,220,433,219,455,42,448,
436,410,513,410,513,425,436,425,
294,408,363,408,364,427,295,427,
47,402,224,407,224,429,47,424,
432,384,508,384,508,402,432,402,
296,384,361,384,361,402,296,402,
50,377,232,381,231,402,50,399,
411,356,500,356,500,371,411,371,
63,348,151,353,150,372,62,368,
74,328,357,327,357,346,74,347,
75,303,385,305,385,323,75,321,
79,277,249,280,249,298,78,295,
79,249,410,251,410,271,79,270,
153,229,424,230,423,249,152,247,