137,824,547,841,546,867,136,850,
189,803,495,814,495,835,188,824,
139,749,557,764,557,792,138,777,
211,728,474,738,474,759,210,750,
223,657,473,662,473,683,223,678,
146,631,264,633,264,655,146,653,
494,615,556,616,556,635,494,634,
155,609,234,610,234,628,155,627,
495,591,556,592,555,610,494,609,
148,584,284,585,284,605,148,604,
149,560,302,561,302,580,149,579,
494,542,556,543,556,561,494,560,
152,536,350,539,350,558,152,555,
150,492,274,493,274,509,150,508,
340,492,390,493,390,512,340,511,
492,493,554,491,555,510,493,512,
151,468,333,470,333,485,151,483,
326,466,496,466,496,488,326,488,
151,446,274,448,274,462,151,460,
341,446,388,447,388,463,341,462,
501,444,554,442,555,461,502,463,
153,420,307,422,306,440,152,438,
310,421,402,422,401,440,309,439,
402,419,507,417,507,439,401,442,
153,393,233,397,232,419,152,416,
320,396,382,394,383,418,321,419,
482,395,546,392,547,414,484,417,
154,351,230,352,230,370,154,369,
424,349,554,345,555,364,425,368,
154,325,391,325,390,346,153,347,
444,326,545,321,545,340,444,345,
276,302,418,300,418,320,277,321,
352,257,471,253,472,275,353,278,
157,225,283,227,282,261,156,259,
337,230,490,228,489,250,337,253,
323,204,504,200,505,222,324,226,
325,177,502,173,502,195,326,198,