93,987,287,977,287,995,94,1005,
89,960,341,947,342,969,91,982,
94,931,140,928,141,942,95,945,
157,561,362,561,362,582,157,583,
366,532,427,532,427,551,367,552,
114,535,240,537,240,556,113,554,
156,491,363,489,363,510,156,512,
374,464,424,461,425,477,375,480,
112,462,240,466,239,486,111,481,
113,438,248,444,247,462,113,457,
373,420,422,417,423,433,374,436,
114,416,186,422,184,441,112,434,
376,399,422,396,423,411,377,414,
286,400,350,399,350,414,287,415,
114,396,209,400,208,419,114,414,
345,379,420,375,421,387,346,391,
119,374,182,379,181,394,118,389,
124,353,323,357,323,375,124,371,
123,332,345,337,344,358,122,354,
123,311,251,319,250,338,122,331,
122,288,365,291,364,317,122,314,
173,271,373,269,374,295,174,297,