686,1212,742,1214,741,1239,686,1238,
318,1203,657,1213,656,1236,317,1226,
356,1145,694,1154,693,1183,355,1174,
331,1118,736,1130,735,1154,330,1142,
341,1034,628,1038,628,1064,341,1059,
341,1005,490,1010,490,1034,340,1029,
341,978,422,980,421,1005,340,1002,
342,951,420,952,419,975,342,973,
655,896,746,896,746,923,655,921,
324,921,660,925,660,950,324,948,
323,894,552,893,553,919,323,920,
637,841,746,839,746,863,637,865,
326,838,535,837,535,862,327,863,
637,783,745,784,744,808,637,808,
328,783,415,785,415,809,328,808,
327,756,567,757,568,783,327,782,
382,703,575,702,575,728,383,728,
648,674,744,673,744,701,647,701,
331,676,579,675,579,700,332,700,
646,593,744,592,744,617,646,620,
403,621,461,620,461,645,403,645,
493,596,591,594,591,618,494,620,
334,596,397,596,396,617,333,617,
331,567,610,569,610,593,331,592,
655,489,743,487,744,509,655,510,
331,514,745,510,745,541,331,545,
473,492,644,487,644,511,474,516,
334,488,419,489,418,515,333,514,
615,410,700,409,700,429,616,430,
334,437,732,435,732,460,333,461,
395,410,602,408,602,431,395,433,
394,359,712,358,712,381,394,382,
406,333,703,329,703,353,406,358,
387,308,709,304,709,328,387,332,
420,282,692,279,692,301,419,305,
340,259,744,253,743,277,339,283,
349,235,735,228,735,251,350,258,
344,208,742,203,743,227,344,232,
424,186,679,179,679,200,424,206,
433,159,671,153,671,177,433,183,
491,131,612,131,611,156,491,155,