361,911,453,905,455,924,362,931,
518,849,562,845,564,861,519,865,
233,849,336,849,336,868,233,867,
512,826,564,823,565,839,513,842,
240,830,340,826,340,841,240,845,
517,807,566,802,569,816,519,822,
240,808,309,809,309,825,240,824,
521,783,568,776,571,792,523,799,
240,777,314,781,313,800,239,796,
241,756,298,759,297,777,240,774,
526,730,574,731,574,750,525,749,
435,730,482,732,480,748,434,746,
245,704,449,706,449,727,245,725,
524,682,574,684,572,703,523,701,
434,683,482,683,482,699,434,699,
361,683,389,682,390,695,362,696,
249,657,475,661,474,679,248,675,
525,637,574,638,573,657,525,656,
444,634,483,637,482,654,442,651,
362,636,389,635,389,648,362,649,
250,631,340,633,339,651,249,649,
444,612,484,614,484,631,444,629,
250,611,328,614,328,630,250,627,
250,589,543,594,542,612,250,607,
254,567,567,571,567,591,253,587,
323,541,506,544,506,566,323,563,
329,487,498,488,498,506,329,506,
346,463,484,465,484,483,345,481,