153,829,561,836,560,854,153,847,
205,803,509,809,510,829,205,823,
154,754,570,759,570,781,153,776,
224,727,488,731,487,752,223,748,
234,653,486,655,486,677,233,675,
153,629,275,629,275,651,153,652,
515,610,568,609,569,628,516,629,
163,605,245,606,245,628,163,626,
516,582,569,583,568,604,515,602,
155,583,294,580,294,601,155,604,
495,561,558,560,559,578,496,579,
156,559,312,558,313,577,157,577,
515,535,569,534,569,553,515,554,
155,532,361,533,361,554,155,554,
514,485,568,486,567,506,513,504,
347,487,401,486,401,505,347,506,
152,487,284,487,284,505,152,505,
150,461,429,462,430,483,151,482,
504,439,567,438,567,456,504,457,
515,416,567,415,567,431,515,432,
347,414,401,416,400,435,347,433,
151,415,281,416,282,433,152,432,
151,387,462,388,462,413,151,412,
494,363,558,362,559,385,495,386,
331,366,391,365,391,385,331,386,
153,361,236,365,235,388,153,385,
437,316,566,314,566,333,437,335,
154,317,234,317,234,337,153,336,
456,295,555,293,555,308,456,310,
154,291,399,292,399,313,153,313,
281,267,430,267,429,289,281,288,
362,223,481,220,481,242,362,245,
337,198,505,196,506,215,338,217,
162,193,284,198,283,224,162,219,
325,171,519,169,519,189,325,190,
316,145,528,141,529,162,317,166,