31,973,192,973,192,991,31,991,
31,954,236,954,236,968,31,968,
34,926,81,926,81,942,34,942,
160,776,316,775,316,790,160,791,
164,752,313,752,313,771,164,771,
80,718,253,717,253,735,80,736,
227,694,291,693,291,708,227,709,
347,669,392,669,392,685,347,685,
190,666,292,668,291,686,189,685,
345,645,391,645,391,660,345,660,
215,643,292,646,291,664,215,661,
217,622,292,621,292,636,217,637,
343,596,390,596,390,612,343,612,
186,595,291,596,290,615,185,613,
343,556,389,556,389,572,343,572,
79,557,126,554,127,570,80,573,
80,532,226,533,226,551,80,550,
340,511,386,511,387,526,341,526,
81,512,125,512,126,527,82,527,
81,490,210,490,210,508,81,508,
339,467,385,467,385,482,339,482,
81,468,127,468,127,483,81,483,
80,444,325,446,324,464,80,462,
312,425,382,422,383,437,312,440,
83,423,136,426,135,442,82,439,
82,384,129,382,130,398,83,400,
85,365,113,365,113,378,85,378,
83,341,160,345,160,363,82,359,
171,320,301,319,301,333,171,334,
128,299,340,300,340,315,127,313,
159,278,309,280,308,298,159,296,
160,250,308,249,308,267,160,268,
124,226,345,224,346,245,124,247,
88,204,376,204,377,226,88,226,
196,183,271,182,272,205,197,206,