63,941,325,956,324,981,61,966,
64,908,399,927,397,952,63,933,
324,891,458,893,458,916,324,914,
323,865,459,865,459,889,323,889,
281,840,491,837,492,862,281,865,
302,812,477,809,477,835,303,839,
227,688,327,687,327,718,227,719,
229,637,366,636,365,662,228,662,
231,606,366,607,365,636,231,634,
419,612,551,613,550,635,419,635,
227,558,381,557,381,582,228,582,
402,555,496,556,495,581,401,580,
496,556,556,560,554,584,494,580,
305,531,374,531,374,553,305,553,
497,531,555,532,555,556,497,554,
337,506,380,505,380,526,338,526,
401,502,466,501,466,528,401,528,
510,503,556,506,555,529,509,526,
312,478,381,479,382,502,312,502,
390,476,445,475,446,499,391,500,
230,450,307,450,306,475,229,475,
516,454,557,454,557,474,516,474,
230,423,388,425,388,451,230,449,
231,391,303,395,301,427,229,423,
404,400,553,395,554,419,404,423,
230,342,357,342,358,367,230,369,
498,341,557,341,557,364,498,365,
229,318,312,318,312,341,230,341,
449,313,559,312,560,338,450,338,
231,290,310,290,311,315,232,314,
500,284,559,285,558,309,499,309,
421,258,560,255,560,280,422,283,
227,237,336,229,337,256,229,263,
409,230,559,227,560,252,409,255,
225,203,302,199,305,231,226,234,
470,199,559,196,560,222,471,224,
323,125,409,125,409,156,323,156,