277,969,546,971,547,992,278,990,
179,972,255,971,255,986,179,987,
297,950,442,950,441,969,296,969,
119,914,618,911,619,940,120,943,
544,871,626,869,626,892,544,894,
347,874,396,873,396,897,347,898,
96,869,254,871,254,892,96,891,
543,836,626,834,626,856,543,858,
95,835,203,838,203,865,93,862,
542,789,623,787,624,811,543,813,
97,789,214,792,214,819,97,816,
97,756,186,758,185,785,96,783,
544,710,614,708,614,732,544,734,
417,710,472,709,472,734,417,735,
284,712,327,711,327,730,284,731,
103,711,189,711,188,733,102,733,
417,675,473,674,474,697,418,698,
104,676,232,678,231,700,105,699,
107,645,496,640,495,661,107,666,
539,602,608,601,609,624,540,625,
413,603,470,602,471,626,414,627,
286,604,328,603,329,624,287,625,
109,603,194,605,194,627,109,625,
412,569,472,571,471,594,411,592,
111,569,236,571,235,595,110,591,
113,537,550,536,551,561,114,561,
412,504,468,503,468,526,412,527,
534,501,604,500,604,522,534,523,
289,504,331,503,331,522,289,523,
116,500,200,504,199,526,114,522,
411,471,469,473,469,496,411,494,
119,469,240,472,240,495,119,492,
120,440,527,439,527,465,119,465,
411,409,465,408,466,427,412,428,
544,405,597,404,598,424,545,425,
288,405,330,407,330,428,288,426,
125,376,521,374,521,400,125,401,
399,346,463,345,464,364,400,365,
529,342,594,341,595,360,530,361,
127,313,516,311,515,338,127,340,
133,282,581,276,582,306,134,312,
239,247,495,246,495,275,238,276,
244,178,483,176,483,197,244,199,
270,146,459,144,459,165,270,167,