139,962,239,960,239,978,139,980,
42,959,138,962,137,980,41,977,
42,934,292,934,292,956,42,956,
51,905,100,905,100,919,51,919,
254,688,327,688,327,700,254,700,
261,673,317,671,318,686,262,688,
271,658,302,658,302,670,271,670,
222,642,354,641,354,656,222,657,
200,598,282,597,282,612,200,613,
204,579,278,579,278,591,204,591,
204,565,274,565,274,577,204,577,
204,551,252,551,252,563,204,563,
310,537,375,537,375,548,310,548,
203,535,275,535,275,550,203,550,
238,511,283,511,283,522,238,522,
295,510,343,510,343,522,295,522,
343,509,374,509,374,521,343,521,
203,508,238,508,238,523,203,523,
242,496,282,496,282,508,242,508,
344,495,374,495,374,507,344,507,
293,483,324,483,324,494,293,494,
260,484,282,484,282,493,260,493,
348,481,374,481,374,494,348,494,
246,467,320,467,320,482,246,482,
204,454,244,454,244,469,204,469,
204,439,280,439,280,454,204,454,
331,429,372,429,372,441,331,441,
206,427,240,427,240,438,206,438,
294,419,321,419,321,429,294,429,
315,417,371,415,372,425,316,428,
254,416,284,416,284,428,254,428,
303,402,371,402,371,414,303,414,
294,389,370,389,370,401,294,401,
206,386,258,386,258,398,206,398,
295,375,368,375,368,387,295,387,
208,374,245,374,245,385,208,385,
224,330,344,337,343,357,223,350,