239,361,239,381,167,379,168,359,
237,320,238,335,170,336,169,321,
245,385,244,403,167,402,168,384,
255,563,255,581,173,582,173,564,
276,585,277,604,168,604,168,585,
278,611,278,626,236,626,236,611,
285,700,286,718,162,720,162,702,
283,430,283,449,166,447,166,428,
285,452,285,470,166,469,167,451,
287,408,286,426,166,424,167,405,
291,211,289,242,168,231,170,199,
296,540,296,560,170,558,170,539,
315,517,314,536,168,535,169,515,
327,653,328,673,166,674,165,655,
322,433,323,445,295,445,294,433,
338,384,337,405,235,402,236,381,
359,494,359,516,167,515,167,493,
385,366,385,385,325,383,325,364,
394,673,394,694,165,698,165,677,
389,453,389,469,337,469,337,453,
388,409,388,425,335,426,335,410,
398,299,397,320,166,316,167,294,
422,275,421,296,280,296,280,275,
476,606,476,625,271,625,271,606,
469,233,469,255,353,257,353,235,
482,767,483,789,219,790,218,767,
492,212,491,235,331,233,331,210,
504,839,503,862,201,861,202,839,
498,187,498,207,323,208,323,189,
507,164,507,182,316,184,316,166,
532,297,532,312,441,314,441,299,
536,360,537,380,479,384,477,364,
547,865,548,886,161,887,160,865,
549,698,550,717,394,717,393,699,
549,651,549,672,400,670,400,649,
544,449,544,468,487,469,487,450,
543,406,543,425,485,426,485,407,
542,318,543,339,426,341,425,320,
546,494,546,513,485,514,485,495,
554,792,554,814,162,816,163,795,
548,584,549,602,489,603,488,585,
549,562,548,581,482,580,483,560,
547,537,548,557,483,558,482,538,