163,971,577,966,577,990,164,995,
305,936,460,932,460,957,305,961,
111,892,649,888,649,917,112,921,
567,838,655,839,654,865,566,864,
360,837,411,838,410,862,359,861,
88,838,262,833,262,857,88,862,
88,800,225,801,225,829,88,828,
566,798,654,799,654,824,566,823,
88,763,190,764,190,793,88,792,
572,713,649,714,648,741,571,740,
422,713,493,713,492,737,421,737,
293,713,339,710,340,733,293,736,
102,676,510,676,510,701,102,702,
571,636,643,637,643,661,571,660,
430,637,490,634,491,659,431,661,
106,601,453,599,454,624,106,625,
429,561,490,558,491,583,430,586,
300,559,343,562,341,583,298,580,
567,561,639,559,640,583,568,584,
110,525,473,526,473,551,110,550,
418,490,489,490,489,513,418,513,
564,488,637,489,637,512,564,511,
114,450,387,458,386,482,114,474,
397,425,481,425,481,448,397,448,
122,414,365,422,364,452,121,443,
468,424,617,417,618,440,470,446,
241,376,524,379,523,416,240,413,
247,296,509,300,509,326,246,322,
276,260,486,265,486,291,275,286,