319,901,714,893,715,916,320,923,
216,906,331,902,332,923,216,927,
277,869,644,861,644,887,277,894,
673,808,708,807,709,825,673,826,
216,810,678,801,678,826,217,834,
302,777,616,773,617,797,302,801,
314,717,614,714,615,740,314,743,
648,687,710,688,710,711,648,710,
219,690,365,689,365,714,219,716,
637,658,708,659,708,682,637,682,
230,663,329,662,330,684,231,685,
636,629,709,630,708,652,636,652,
220,634,385,631,386,654,220,657,
661,606,708,604,708,623,661,625,
221,605,421,604,422,626,221,627,
637,574,709,574,709,597,636,596,
221,574,466,574,466,598,221,598,
664,522,710,521,710,540,664,541,
641,492,710,490,711,512,642,514,
454,492,518,492,518,515,454,516,
215,495,371,495,371,514,214,514,
525,462,576,465,575,488,524,486,
405,461,519,462,519,488,405,487,
212,466,399,465,400,487,211,489,
665,437,711,436,712,455,666,456,
640,403,711,404,711,427,640,427,
443,407,515,404,516,427,444,430,
210,404,373,405,373,428,209,427,
559,374,663,374,663,397,559,398,
416,375,516,375,516,398,416,398,
209,372,409,374,409,400,208,398,
640,347,709,345,710,368,641,370,
430,341,516,343,515,369,429,367,
208,340,312,342,311,369,208,367,
557,291,705,293,705,314,557,312,
209,284,308,286,307,308,208,306,
579,263,702,267,701,289,578,284,
209,256,510,262,509,285,208,278,
368,232,555,237,554,259,368,253,
454,159,608,162,607,184,454,182,
213,145,371,150,369,187,211,183,
427,127,629,130,628,155,427,153,
432,95,625,99,624,124,431,121,