360,613,360,632,292,631,292,613,
350,412,349,428,290,425,291,409,
349,378,348,393,296,390,296,375,
383,633,383,652,286,651,286,632,
386,523,386,538,288,537,288,522,
388,484,388,499,289,499,289,484,
387,448,387,465,289,463,290,446,
400,596,398,614,290,611,290,593,
391,286,389,311,289,303,292,276,
408,574,408,592,289,595,289,577,
432,360,432,378,287,372,288,354,
445,556,446,575,288,576,287,557,
476,521,477,537,426,540,425,524,
474,488,474,498,428,500,428,490,
472,450,473,461,429,463,428,452,
471,414,472,426,418,429,417,417,
479,361,479,376,432,375,432,360,
501,341,501,359,379,358,379,340,
545,649,546,668,337,670,337,651,
549,708,550,726,329,728,329,710,
543,464,543,485,287,486,287,464,
544,430,544,448,288,446,288,428,
539,307,538,325,440,325,440,307,
545,250,545,268,428,266,429,248,
573,766,573,787,314,790,314,768,
551,290,551,308,422,305,423,287,
565,500,565,520,287,522,287,502,
571,270,571,288,409,287,409,269,
606,786,606,807,279,813,279,792,
610,727,611,746,283,753,282,733,
594,410,595,428,536,431,535,413,
596,359,596,374,511,373,511,358,
610,630,610,650,552,651,552,631,
609,611,609,630,551,631,551,611,
607,590,607,610,555,613,555,593,
607,553,607,576,554,576,554,554,
605,518,605,537,543,538,543,519,
602,483,602,501,544,503,544,485,
601,448,601,464,551,463,551,447,
599,376,599,395,499,395,499,375,