46,1216,244,1218,244,1237,46,1235,
43,1188,303,1191,303,1214,43,1211,
48,1156,108,1157,107,1177,47,1176,
145,1097,213,1098,213,1111,145,1110,
237,1095,467,1093,467,1111,237,1113,
142,1076,185,1076,185,1094,142,1094,
140,1056,299,1055,299,1074,139,1074,
140,1036,245,1035,246,1054,140,1054,
143,1017,198,1018,198,1037,143,1036,
144,998,192,999,192,1013,144,1013,
142,949,253,947,253,978,142,980,
388,944,461,945,460,973,387,972,
144,925,245,925,245,943,144,944,
381,923,460,921,460,940,381,942,
145,906,311,906,311,924,145,925,
384,906,453,907,453,921,384,920,
145,883,214,880,215,904,146,907,
381,879,457,880,457,904,381,903,
149,860,202,861,202,875,149,874,
149,840,202,841,201,859,148,858,
152,824,203,825,203,839,152,838,
152,805,213,806,213,821,152,820,
150,788,214,786,215,800,151,803,
412,784,454,784,454,803,412,803,
152,770,216,771,216,785,152,784,
410,765,450,765,450,784,410,784,
153,752,223,753,223,767,153,766,
405,747,450,748,449,767,404,766,
152,735,223,732,224,747,152,749,
404,731,448,729,449,746,405,749,
154,717,225,718,225,733,154,732,
398,714,447,712,448,728,399,730,
154,698,230,699,230,714,154,713,
399,698,446,699,446,713,399,712,
154,682,230,683,230,698,154,697,
396,680,445,681,445,696,396,695,
154,665,232,666,232,681,154,680,
375,664,445,665,445,680,375,679,
153,646,259,647,259,665,153,664,
155,614,271,614,271,629,155,629,
155,597,263,598,263,615,155,614,
157,568,219,569,219,583,157,582,
372,564,441,565,441,584,372,583,
155,549,318,548,318,566,155,566,
389,547,441,548,441,567,389,566,
157,534,245,535,244,550,156,549,
158,520,227,521,227,534,158,533,
158,505,240,506,240,519,158,518,
389,500,440,501,440,520,389,519,
157,488,251,489,251,503,157,502,
157,473,206,474,206,487,157,486,
389,472,436,473,436,488,389,487,
156,456,291,457,291,475,156,474,
389,456,435,457,435,471,389,470,
157,440,248,438,248,456,158,459,
161,426,215,427,214,442,160,441,
366,426,435,424,435,442,366,445,
159,397,195,397,195,412,159,412,
382,395,434,393,435,413,383,415,
263,382,328,383,328,396,263,395,
366,367,431,368,431,381,366,380,
158,367,258,363,259,382,159,385,
161,353,233,354,233,367,161,366,
161,337,250,338,250,351,161,350,
380,337,431,334,432,353,382,355,
366,324,428,325,428,339,366,338,
163,321,246,322,245,337,162,336,
369,308,429,309,428,324,368,323,
163,306,221,307,221,322,163,321,
363,291,429,292,429,311,363,310,
162,289,258,290,258,309,162,308,
162,262,193,262,193,277,162,277,
380,262,428,263,428,281,380,280,
242,250,338,251,338,264,242,263,
163,221,349,223,349,236,163,234,
205,206,322,207,321,220,204,219,
176,194,210,195,210,205,176,204,