97,805,589,798,589,831,98,839,
263,769,452,765,453,794,262,799,
40,717,677,714,677,743,40,746,
11,655,203,655,203,681,11,681,
594,651,684,651,684,681,594,681,
330,605,392,605,392,632,330,632,
578,604,683,601,684,631,579,634,
10,602,210,599,211,628,10,631,
9,558,163,561,162,591,8,588,
592,556,683,553,684,584,593,587,
8,518,121,518,121,549,8,549,
191,458,303,459,303,484,191,483,
403,458,493,455,494,486,404,489,
589,456,678,456,678,487,589,487,
22,418,514,416,514,441,22,444,
31,371,160,375,160,400,30,397,
268,370,328,370,328,398,268,398,
515,369,654,368,655,394,515,396,
375,364,485,368,483,402,374,399,
172,313,539,315,539,354,172,352,
183,209,516,213,515,239,182,235,
220,165,485,167,485,193,220,191,