334,996,490,969,494,991,338,1018,
295,971,412,956,416,981,299,997,
145,951,543,905,547,934,148,980,
128,908,326,889,329,914,131,934,
488,874,544,874,544,894,488,894,
126,878,265,863,267,889,128,903,
127,847,261,831,264,854,128,869,
495,819,542,819,542,838,495,838,
126,752,336,736,338,759,128,775,
116,706,245,702,246,720,117,725,
122,672,253,665,254,686,122,694,
465,667,530,668,530,686,465,685,
124,645,223,645,223,664,124,664,
465,641,527,642,527,657,465,656,
125,618,197,618,197,640,125,640,
470,583,522,584,522,600,470,599,
373,582,418,582,418,601,373,601,
275,582,307,583,307,599,275,598,
132,554,396,555,396,576,132,575,
364,531,415,531,415,547,364,547,
467,529,522,530,522,549,467,548,
275,528,309,529,309,545,275,544,
134,496,511,503,510,528,133,520,
459,477,521,478,521,496,459,495,
354,477,418,477,418,495,354,495,
276,472,309,476,307,492,274,488,
132,438,491,450,490,479,131,467,
466,422,520,426,519,445,465,441,
365,425,415,425,415,441,365,441,
135,382,465,397,464,429,133,414,
464,377,516,378,516,394,464,393,
364,373,416,373,416,392,364,392,
276,372,310,373,310,389,276,388,
139,328,411,348,408,381,135,361,
220,317,508,334,506,355,218,339,
148,306,230,317,227,336,145,325,
232,284,443,300,441,329,230,313,
240,222,436,238,433,264,238,248,
261,197,419,211,417,237,259,223,