169,849,593,849,594,870,170,871,
224,822,541,823,541,845,223,843,
169,770,603,771,603,797,169,796,
243,743,517,743,518,768,243,767,
254,669,514,666,514,689,254,692,
536,645,603,646,602,666,535,664,
171,644,297,642,297,664,171,666,
526,618,600,620,601,639,527,637,
180,617,265,618,266,641,180,639,
535,594,600,595,600,614,534,613,
174,596,315,594,315,612,174,614,
515,568,591,570,591,588,515,586,
173,569,335,566,336,587,174,590,
535,544,599,543,599,562,535,563,
173,542,384,541,384,563,173,564,
523,492,598,494,598,513,523,512,
534,468,598,467,598,486,534,487,
360,466,426,468,425,491,359,489,
170,470,304,470,303,489,169,489,
170,442,417,443,418,466,170,464,
534,418,597,417,597,436,534,437,
372,417,424,419,423,439,371,438,
170,418,304,420,303,439,169,438,
440,392,517,390,518,413,441,415,
168,393,432,391,432,414,168,415,
523,366,589,365,589,387,523,388,
351,366,415,365,415,389,351,390,
168,363,255,366,254,392,167,389,
462,316,597,314,597,336,462,338,
169,316,253,319,252,341,168,338,
484,293,585,291,585,309,484,311,
170,292,425,291,425,312,170,313,
301,266,454,265,454,287,302,287,
384,219,506,217,507,238,385,241,
359,189,536,190,535,212,358,212,
172,184,305,185,304,219,171,218,
346,160,548,161,548,183,347,183,
338,135,557,132,557,154,338,157,