201,658,298,656,297,672,202,673,
201,640,270,639,271,655,202,655,
202,623,312,620,313,636,202,638,
464,649,505,649,506,665,463,666,
202,609,292,605,293,621,202,624,
203,582,279,582,279,597,203,597,
457,615,502,615,502,631,456,631,
203,561,241,564,240,579,202,575,
456,601,501,600,502,616,455,617,
200,547,293,547,293,562,201,562,
456,575,500,576,501,592,455,592,
366,551,409,550,409,566,367,567,
219,521,287,526,285,544,218,539,
458,547,499,549,499,566,457,566,
179,501,259,502,259,517,178,516,
367,522,403,522,403,539,367,540,
456,522,494,521,496,538,456,540,
180,485,283,486,283,502,180,501,
179,469,486,466,486,484,179,487,
230,433,438,433,437,451,231,450,
218,410,445,411,445,430,218,430,