166,748,273,746,273,765,166,766,
463,750,513,748,514,764,464,766,
168,730,239,731,239,742,168,741,
166,711,289,710,289,725,166,726,
456,709,512,710,512,728,456,727,
167,693,264,691,265,707,168,709,
456,693,510,694,510,709,456,708,
171,663,252,664,252,679,171,678,
455,662,508,663,508,678,455,677,
172,640,226,642,225,657,171,655,
353,632,400,632,400,647,353,647,
458,631,506,632,506,647,458,646,
172,624,290,625,290,643,172,642,
176,611,220,611,220,623,176,623,
353,600,399,600,399,616,353,616,
456,599,502,600,502,615,456,614,
212,594,268,595,268,610,212,609,
182,581,217,581,217,593,182,593,
182,565,284,566,283,580,181,579,
353,563,397,563,396,579,352,579,
452,562,496,563,495,578,451,577,
183,553,279,552,279,567,183,567,
217,535,268,536,268,548,217,547,
352,532,390,530,391,547,353,549,
449,530,491,531,491,547,449,546,
164,514,291,513,291,528,164,529,
167,499,292,498,292,512,167,513,
288,497,334,497,334,512,288,512,
168,484,267,483,268,498,168,499,
170,458,478,452,477,469,171,475,
281,443,303,443,303,454,281,454,
333,441,369,442,369,454,333,453,
221,425,428,422,429,436,221,438,
210,403,438,401,438,419,211,421,