43,961,239,961,239,979,43,979,
41,934,293,934,293,957,41,957,
48,905,98,905,98,919,48,919,
252,754,322,752,322,768,252,770,
266,734,302,734,302,750,266,750,
197,716,367,711,368,730,197,734,
167,659,271,656,271,672,168,675,
166,632,270,629,270,644,166,647,
155,608,264,610,263,628,154,626,
158,593,249,593,249,607,158,607,
302,574,395,574,395,589,302,589,
173,572,267,572,267,590,173,590,
220,539,276,539,276,550,220,550,
365,537,397,537,397,553,365,553,
292,537,355,537,355,551,292,551,
172,537,209,537,209,551,172,551,
224,518,273,518,273,533,224,533,
154,518,197,515,198,534,155,537,
357,517,397,517,397,533,357,533,
292,500,335,500,334,515,291,515,
247,500,278,500,277,515,246,515,
157,499,203,499,202,515,156,515,
276,482,323,482,323,497,276,497,
230,481,281,483,280,499,229,497,
175,465,224,465,224,480,175,480,
174,447,268,447,268,462,174,462,
296,433,317,433,317,441,296,441,
348,429,395,429,395,444,348,444,
171,429,219,429,219,444,171,444,
292,412,395,412,395,427,292,427,
238,412,281,412,281,428,238,428,
311,395,395,395,395,409,311,409,
164,390,171,390,171,409,164,409,
289,378,395,378,395,391,289,391,
174,375,248,375,248,390,174,390,
292,360,394,358,394,373,292,374,
161,356,227,356,227,374,161,374,
164,327,173,327,173,351,164,351,
198,296,361,303,360,329,197,322,
195,184,334,191,333,206,195,199,