37,960,317,963,316,995,36,993,
568,958,647,958,647,981,568,981,
38,919,230,922,229,954,37,951,
564,868,648,871,647,902,563,899,
38,872,228,876,227,908,37,904,
41,832,174,835,173,861,41,858,
48,787,303,787,304,817,48,817,
47,746,344,747,344,771,46,771,
547,679,641,681,641,707,547,706,
328,683,382,682,383,707,329,708,
45,679,224,677,225,703,46,705,
546,639,641,638,641,664,546,665,
45,638,182,643,181,672,44,667,
50,602,147,601,147,632,50,633,
553,551,631,550,632,577,554,578,
392,551,470,550,471,577,393,578,
257,553,305,553,306,574,258,574,
63,517,548,515,548,540,63,541,
260,473,309,476,307,499,259,496,
551,470,629,469,629,496,551,497,
392,470,470,469,470,496,392,497,
66,437,459,433,460,465,67,469,
265,401,307,401,307,421,265,421,
391,397,467,396,467,419,391,420,
535,390,618,397,615,421,532,413,
74,361,498,355,498,391,74,398,
219,334,330,330,332,353,220,356,
83,328,227,334,227,356,82,350,
364,320,599,320,599,353,365,353,
201,289,503,277,504,310,202,322,
210,209,484,190,486,216,213,235,
242,171,458,155,460,178,243,193,