59,1202,302,1214,301,1237,58,1225,
57,1169,370,1184,368,1211,56,1196,
67,1132,133,1135,132,1153,66,1150,
198,871,619,870,619,893,198,894,
254,845,568,846,568,869,254,868,
200,795,594,796,594,817,200,817,
585,797,626,799,625,817,584,815,
275,767,543,769,543,793,275,791,
284,695,542,696,542,718,284,718,
203,670,328,669,329,692,202,693,
213,646,296,645,296,668,213,668,
560,648,623,646,623,666,560,668,
204,621,348,620,348,643,204,643,
558,624,622,624,622,644,558,644,
206,598,366,599,366,618,206,617,
206,573,415,574,416,596,206,595,
559,576,622,574,622,594,559,596,
205,529,334,527,334,546,206,547,
391,528,453,528,453,547,391,547,
555,527,621,526,622,549,556,550,
206,503,378,506,377,525,205,522,
379,502,505,503,504,526,379,524,
206,476,292,479,291,503,205,500,
381,479,445,477,446,501,382,503,
545,479,611,476,612,500,547,503,
207,433,285,432,285,452,208,453,
488,433,619,431,620,453,487,456,
207,407,453,409,453,432,207,430,
506,411,608,406,609,429,507,433,
333,383,481,385,481,409,333,407,
414,340,534,340,534,363,414,363,
212,311,339,314,339,346,212,343,
388,315,556,316,556,338,388,338,
368,290,579,290,578,314,368,314,
407,267,537,262,538,285,407,290,