159,857,523,869,522,886,159,874,
204,835,477,845,476,863,204,853,
190,793,529,801,529,818,190,811,
161,795,197,795,197,810,161,810,
221,769,457,775,457,794,220,787,
375,707,531,710,531,728,375,725,
159,706,275,706,275,724,159,724,
161,682,377,683,377,704,161,703,
385,662,528,664,528,683,385,680,
160,661,308,663,307,681,160,679,
229,616,455,617,455,639,229,638,
462,597,528,598,528,616,462,615,
159,596,265,595,265,614,159,615,
169,577,215,577,215,592,169,592,
482,577,527,577,527,593,482,593,
169,554,241,554,241,572,169,572,
462,555,527,556,527,570,462,569,
162,532,283,530,283,548,163,550,
462,532,526,533,526,548,462,547,
162,510,301,509,301,527,162,528,
455,511,518,512,518,527,455,526,
163,490,342,489,342,505,163,506,
461,489,524,490,524,505,461,504,
162,449,274,449,274,464,162,464,
324,449,376,449,376,464,324,464,
468,446,526,446,526,465,468,465,
160,425,526,422,526,443,159,446,
462,403,524,404,524,419,462,418,
161,384,275,384,275,399,161,399,
315,384,377,384,377,402,315,402,
461,381,524,379,525,398,462,400,
161,362,338,363,338,381,161,380,
160,340,446,339,446,357,160,358,
161,320,233,320,233,338,161,338,
315,318,371,318,371,337,315,337,
461,316,516,313,517,333,462,336,
162,279,231,279,231,294,162,294,
408,276,525,273,525,291,408,295,
162,257,377,256,377,274,162,275,
425,255,515,251,516,269,426,273,
273,234,403,233,403,252,273,252,
343,194,448,192,448,210,343,212,
166,170,278,170,278,196,166,196,
321,173,470,169,471,187,322,191,
310,150,481,146,482,164,311,169,
303,126,490,122,491,141,303,144,