331,931,583,933,584,955,332,952,
363,877,543,879,543,897,363,896,
396,856,514,857,515,872,396,871,
274,827,616,828,615,849,274,849,
292,801,392,799,392,814,292,816,
559,800,614,799,615,817,560,819,
290,776,388,776,388,791,290,791,
560,776,616,777,616,794,560,793,
286,752,436,752,436,768,287,768,
564,750,613,749,613,768,564,770,
286,723,444,721,445,739,287,741,
563,721,612,719,613,738,564,740,
288,703,343,705,342,719,287,717,
367,703,402,704,401,719,366,718,
292,677,344,678,344,693,292,692,
475,676,519,677,519,693,475,692,
561,675,608,676,608,692,561,691,
292,652,370,653,369,671,291,670,
476,653,520,654,519,670,475,669,
292,632,533,630,534,649,293,650,
293,613,394,611,393,626,293,628,
470,590,516,591,516,607,470,606,
558,589,603,590,603,606,558,605,
296,570,463,570,463,588,295,589,
294,551,385,550,385,565,295,566,
471,527,515,528,514,544,470,543,
557,526,602,527,602,543,557,542,
294,510,537,506,538,523,295,527,
296,490,392,489,392,504,296,505,
302,472,360,473,360,485,302,484,
375,469,437,468,438,483,376,485,
456,468,507,470,507,485,456,483,
518,467,591,465,591,480,519,482,
397,450,502,447,502,462,396,465,
362,420,535,416,535,437,363,441,
331,390,570,385,571,403,332,408,
304,375,599,368,599,383,305,390,
358,355,541,349,542,366,359,372,
328,333,572,326,572,343,329,350,