199,848,602,846,602,864,200,866,
253,821,554,822,553,840,252,840,
198,771,614,770,613,795,199,796,
269,745,532,745,531,768,269,767,
280,672,529,671,528,693,280,694,
201,650,321,647,322,668,202,672,
538,624,611,625,610,644,537,644,
211,625,292,626,292,645,210,644,
538,600,610,602,610,621,538,619,
203,599,341,598,342,620,204,622,
204,576,359,574,359,597,205,597,
538,554,609,552,609,570,538,572,
206,553,406,552,405,570,206,571,
546,506,608,504,608,523,546,525,
385,506,445,506,444,526,384,525,
204,509,329,507,329,524,204,526,
203,483,510,483,510,502,203,502,
544,460,606,458,607,477,545,479,
385,459,443,459,443,479,385,478,
202,461,330,460,330,478,203,479,
203,433,589,433,589,458,203,457,
537,412,605,410,606,430,538,432,
384,412,443,413,443,432,384,431,
203,412,330,412,330,430,204,430,
203,386,446,388,445,409,203,407,
536,365,596,363,596,383,537,385,
374,362,437,362,437,386,373,385,
204,360,284,363,283,386,203,383,
477,317,604,317,603,336,477,336,
204,318,282,318,281,336,203,336,
495,295,594,294,595,312,495,313,
205,292,444,295,444,317,205,313,
328,271,471,273,470,291,329,289,
406,229,520,228,521,246,406,247,
389,204,539,206,538,224,389,222,
212,196,332,200,330,227,211,223,
374,176,552,177,552,198,375,198,
377,152,549,149,549,172,378,174,