227,596,226,612,173,610,174,594,
259,382,259,405,172,404,172,382,
263,333,262,353,174,353,175,334,
298,618,298,640,165,640,166,618,
315,199,314,233,172,229,173,195,
313,437,313,456,171,455,172,436,
321,566,321,587,171,587,171,565,
340,539,340,560,174,560,173,539,
366,592,366,614,218,614,218,593,
392,511,393,537,171,535,171,510,
396,846,396,868,161,861,161,839,
437,301,437,326,170,330,170,304,
434,380,435,402,357,405,356,383,
435,438,434,456,366,454,367,436,
465,273,465,295,306,298,305,276,
490,384,490,399,442,397,442,382,
524,221,525,243,391,248,390,227,
522,405,522,430,171,433,170,409,
539,162,539,183,377,191,377,169,
530,644,530,671,254,669,253,642,
534,733,533,757,231,748,232,724,
560,129,561,155,356,166,355,140,
561,187,562,213,349,222,348,196,
563,820,562,843,210,833,211,810,
609,374,610,397,539,399,539,376,
612,294,613,315,492,319,492,298,
617,323,618,345,474,347,473,325,
616,540,614,563,540,558,541,534,
618,431,617,453,548,450,549,429,
618,455,619,478,553,480,552,457,
619,509,620,532,552,534,550,511,
620,566,620,586,553,588,553,568,
620,597,619,616,552,614,553,595,
617,851,617,872,386,868,386,846,
619,686,619,694,601,693,601,685,
625,763,625,786,160,779,161,756,