253,1150,626,1151,626,1182,253,1181,
323,1064,601,1065,601,1092,323,1091,
339,1030,537,1030,537,1053,339,1053,
251,988,622,990,621,1021,251,1018,
203,948,360,946,360,973,203,975,
640,948,712,950,711,974,639,972,
199,915,448,916,447,942,199,941,
640,914,710,916,709,940,639,938,
326,885,378,887,378,907,326,905,
197,881,286,880,286,908,197,909,
377,842,425,843,424,867,376,866,
508,841,565,843,564,867,507,865,
647,844,704,846,703,866,646,864,
207,809,609,808,609,831,207,832,
209,775,366,773,365,795,209,797,
379,741,420,742,420,760,379,759,
503,740,562,739,562,763,503,764,
642,739,701,736,701,762,642,764,
208,711,521,707,522,730,209,733,
209,674,366,674,367,697,210,697,
376,641,419,643,419,662,376,660,
502,641,561,640,563,664,504,665,
631,640,700,641,700,665,631,663,
208,608,616,605,617,633,208,636,
209,576,365,575,365,598,209,599,
377,542,420,544,419,564,376,562,
501,543,560,541,561,565,502,567,
636,543,697,537,700,561,638,567,
209,509,613,508,613,534,208,536,
211,479,363,477,363,497,211,499,
489,444,558,443,558,468,489,471,
623,446,693,443,694,467,624,470,
209,413,593,411,592,437,210,440,
210,380,365,379,366,402,211,403,
220,349,312,352,312,375,220,372,
471,349,549,351,549,375,471,373,
566,350,676,348,676,371,567,373,
373,316,536,316,537,339,373,339,
318,268,588,271,587,303,319,300,
266,221,644,221,644,251,266,252,
223,192,693,194,692,224,223,223,
310,164,601,167,602,195,311,191,
265,130,647,130,648,158,265,158,