147,878,640,874,639,913,147,917,
312,840,497,839,497,872,312,874,
91,785,717,785,717,822,91,821,
386,727,446,728,445,757,385,756,
66,722,264,722,264,751,65,751,
635,726,723,724,723,755,636,757,
67,677,216,683,215,716,66,710,
632,680,720,678,721,708,633,710,
68,639,182,637,182,672,68,673,
304,587,355,588,354,612,303,611,
446,588,531,586,531,613,446,614,
622,585,708,584,708,612,622,614,
84,544,623,545,624,577,85,576,
304,504,355,502,356,526,305,528,
444,503,529,502,529,529,444,531,
614,501,699,499,699,526,614,528,
94,461,662,462,663,492,95,491,
323,426,378,427,377,451,322,450,
260,425,311,426,310,450,259,449,
105,420,223,427,221,453,103,447,
418,424,522,429,520,454,416,450,
527,427,675,421,675,447,527,452,
235,374,565,375,566,412,235,412,
246,281,548,285,547,314,245,310,
279,241,516,245,516,270,279,266,