182,645,181,658,152,657,153,644,
234,843,234,861,162,861,162,843,
239,386,240,402,157,405,156,388,
240,611,240,627,195,627,195,611,
243,759,242,775,190,771,192,755,
276,642,276,660,191,661,191,643,
283,675,284,694,192,697,191,677,
286,871,286,894,162,893,162,870,
296,698,297,724,190,725,189,700,
300,498,300,517,224,516,224,497,
306,202,307,222,175,225,175,206,
308,584,308,603,193,605,193,586,
313,549,313,571,179,573,179,550,
314,728,313,751,189,752,189,730,
346,449,346,470,153,472,153,450,
358,798,359,825,160,829,159,802,
407,170,407,185,355,185,355,170,
434,316,435,339,338,343,337,320,
434,415,435,436,156,438,155,417,
449,355,449,376,317,374,317,353,
465,224,465,245,303,244,302,223,
476,246,476,268,292,272,291,250,
476,543,475,565,416,564,417,542,
475,590,475,609,417,608,417,589,
477,634,476,657,419,656,420,633,
478,680,478,703,421,702,421,679,
480,735,479,757,420,756,421,734,
494,924,493,951,304,951,304,925,
513,277,512,302,257,307,258,282,
565,981,565,1005,259,1007,258,982,
584,130,585,159,183,170,182,141,
592,193,593,216,298,223,297,201,
617,540,617,563,558,563,558,540,
619,585,619,608,559,608,559,585,
623,633,623,656,563,655,563,632,
624,680,624,702,566,701,566,679,
627,733,626,756,565,755,566,732,
636,791,636,824,513,822,513,789,
634,871,634,890,557,889,557,870,
636,837,635,859,557,858,558,836,