43,961,239,963,239,981,43,979,
41,933,294,936,293,959,40,956,
61,907,97,907,97,918,61,918,
260,686,356,683,357,698,261,701,
283,670,339,670,339,681,283,681,
290,653,323,653,323,668,290,668,
238,638,376,638,376,653,238,653,
213,592,297,591,297,606,213,607,
214,569,296,568,295,583,213,583,
213,555,291,553,291,568,214,570,
213,540,268,538,269,553,214,555,
215,524,291,525,291,540,215,539,
325,523,398,521,398,536,325,538,
246,497,298,497,298,509,246,509,
312,496,361,497,361,509,312,508,
213,494,250,495,250,510,213,509,
365,493,397,493,397,508,365,508,
255,481,297,481,297,493,255,493,
362,478,397,478,397,493,362,493,
273,467,298,467,298,479,273,479,
310,466,343,466,343,478,310,478,
260,450,337,450,336,465,259,465,
214,435,255,436,255,451,214,450,
213,418,295,421,295,437,212,434,
362,406,394,406,394,421,362,421,
265,395,300,395,300,406,265,406,
308,395,392,391,393,406,308,410,
321,379,391,377,392,391,322,393,
307,365,390,363,391,377,307,379,
214,364,269,365,269,376,214,375,
308,351,390,350,391,363,308,365,
213,345,255,349,254,365,212,361,
233,303,363,308,361,327,232,322,