46,962,242,973,241,991,45,980,
46,935,297,949,296,971,44,957,
54,906,104,909,103,923,53,920,
145,660,457,655,457,670,145,675,
185,641,418,637,418,652,185,656,
144,605,460,598,461,616,145,623,
198,584,399,582,399,599,198,601,
203,530,397,526,397,544,204,548,
143,512,237,512,237,530,143,531,
148,496,217,496,217,511,148,511,
408,492,455,491,455,507,408,508,
145,479,250,477,250,492,145,494,
406,475,453,472,454,489,407,491,
145,460,263,460,263,475,145,475,
144,439,300,439,300,456,144,457,
404,440,451,436,452,452,406,456,
143,405,240,405,240,420,143,420,
280,405,327,403,328,420,281,421,
402,404,450,404,450,419,403,419,
143,387,255,387,254,402,143,402,
258,389,293,391,292,405,257,403,
144,369,204,369,204,384,144,384,
271,369,321,368,321,387,271,388,
396,367,442,367,442,385,396,385,
143,334,201,333,201,348,142,349,
351,334,445,333,446,349,351,350,
141,312,325,314,325,333,141,331,
364,316,440,316,440,331,364,331,
237,295,347,296,346,314,236,313,
294,264,387,266,386,284,293,282,
145,244,239,249,238,268,144,263,
276,245,399,247,399,265,275,263,
280,228,399,229,399,244,279,243,
280,206,412,209,412,227,279,224,