132,820,561,831,560,851,132,840,
186,792,506,801,506,824,185,815,
132,741,570,749,569,775,132,767,
207,714,482,721,482,744,206,737,
218,640,482,642,482,664,218,661,
137,614,262,614,262,636,137,636,
504,593,568,593,568,611,504,611,
145,589,231,591,231,610,145,608,
503,569,568,569,568,587,503,587,
139,564,283,564,283,586,139,586,
141,541,302,541,302,559,141,559,
504,517,567,517,567,535,504,535,
140,513,351,514,351,536,140,534,
332,467,394,467,394,486,332,486,
139,467,273,467,273,485,139,485,
502,465,566,465,566,487,502,487,
137,414,556,415,556,437,137,436,
320,390,385,390,385,413,320,413,
141,390,225,390,225,413,141,413,
492,389,557,389,557,412,492,412,
142,343,223,343,223,362,142,362,
430,342,564,340,564,359,430,362,
141,316,393,318,393,339,141,337,
450,318,554,316,554,334,451,336,
273,293,422,292,422,311,273,313,
353,248,477,244,478,263,354,267,
150,216,276,219,276,244,149,242,
337,219,496,214,497,237,338,241,
324,192,511,188,512,209,324,214,
346,164,488,160,489,181,346,186,