364,934,417,933,417,941,364,942,
444,930,509,932,509,943,444,941,
310,915,429,915,428,930,310,930,
166,893,570,891,570,913,166,915,
349,867,388,866,388,882,349,883,
142,867,271,867,271,882,142,882,
509,864,577,864,577,879,509,879,
140,840,237,844,236,863,139,859,
511,841,578,841,578,855,511,855,
141,817,213,817,213,836,141,836,
517,781,577,781,577,799,517,799,
396,781,456,781,456,800,396,800,
292,781,330,781,330,800,292,800,
143,752,508,749,508,770,143,773,
394,717,453,717,454,736,395,736,
511,716,572,715,574,735,513,736,
292,717,332,717,333,736,293,736,
146,690,474,688,474,706,146,708,
393,656,450,656,450,675,393,675,
508,655,567,655,567,674,508,674,
297,657,330,657,330,673,297,673,
149,628,485,626,485,649,149,651,
505,597,562,597,562,617,505,617,
401,597,448,597,448,618,401,618,
298,599,332,599,332,615,298,615,
153,571,492,571,492,592,153,592,
393,544,446,544,446,560,393,560,
503,542,558,542,558,561,503,561,
300,544,333,544,333,560,300,560,
159,516,502,516,502,538,159,538,
401,492,444,492,444,508,401,508,
507,490,555,490,555,509,507,509,
165,465,515,466,515,485,165,484,
246,442,540,441,540,462,246,463,
173,439,254,443,254,461,172,457,
258,413,471,412,471,433,258,434,
265,356,459,354,459,372,265,374,
283,331,440,327,441,346,284,349,