307,1339,582,1330,583,1355,308,1364,
248,1241,479,1236,480,1260,249,1265,
536,1215,603,1213,603,1234,536,1236,
252,1218,412,1215,412,1239,252,1242,
446,1191,522,1192,522,1219,446,1218,
582,1150,655,1148,656,1173,583,1175,
436,1149,530,1153,530,1178,436,1175,
279,1151,398,1153,398,1177,279,1175,
251,1129,411,1131,410,1155,250,1154,
391,1088,493,1089,492,1114,390,1112,
271,1085,395,1089,394,1114,269,1111,
414,1065,531,1067,531,1093,413,1091,
272,1066,336,1064,337,1089,273,1091,
538,1020,630,1021,630,1049,538,1048,
538,975,631,977,631,1002,538,1001,
258,970,352,975,351,1005,257,1000,
567,930,647,933,647,959,566,956,
312,928,422,930,422,955,312,953,
271,868,360,871,359,890,270,887,
557,848,648,851,646,876,557,873,
409,849,475,847,476,873,410,875,
273,848,396,849,397,869,273,868,
278,791,365,794,365,815,278,812,
558,771,646,774,644,800,556,796,
281,772,401,774,400,794,280,792,
276,714,370,715,370,739,276,738,
559,697,650,700,649,726,558,722,
435,702,473,701,474,718,436,719,
276,695,401,697,400,717,275,715,
275,633,355,634,354,659,274,657,
559,616,652,619,652,644,559,641,
439,621,474,620,475,637,440,638,
274,611,400,615,400,639,274,636,
593,573,660,576,659,603,593,602,
470,572,539,577,538,602,469,598,
273,570,382,572,382,598,273,596,
277,529,346,530,346,555,276,553,
562,517,652,515,653,539,563,541,
276,509,403,511,402,535,275,533,
283,451,358,454,357,475,282,472,
564,432,654,434,654,458,564,457,
441,436,477,435,478,452,442,453,
283,434,403,435,404,455,283,454,
288,376,355,380,353,401,287,397,
565,351,653,353,653,377,565,375,
427,359,459,358,460,373,428,374,
289,359,408,357,409,377,290,379,
292,303,360,306,360,326,292,323,
294,285,414,279,415,303,294,309,
411,282,482,278,483,298,412,302,
566,275,655,273,655,293,566,295,
392,246,553,236,554,259,392,269,
402,229,543,221,545,239,402,248,
350,212,608,197,609,222,352,237,
370,196,580,185,580,205,371,216,
377,178,573,166,574,186,378,198,
439,157,492,153,494,172,440,177,
396,134,544,122,546,145,398,157,
482,89,536,88,537,113,483,114,
484,62,538,61,538,86,484,87,