606,873,693,872,694,898,607,899,
125,875,298,877,299,902,125,901,
125,836,248,839,247,865,124,862,
593,811,692,810,692,832,593,833,
128,810,329,812,328,836,128,834,
590,780,689,779,689,801,590,802,
129,782,286,780,286,803,129,805,
588,728,689,727,689,753,588,754,
131,730,266,730,265,754,131,753,
136,688,196,693,193,720,134,716,
612,678,687,677,687,701,612,702,
440,676,512,677,511,703,439,701,
160,665,288,664,288,687,160,688,
139,632,197,634,197,662,138,660,
608,621,683,620,684,643,609,644,
438,619,511,618,512,642,439,643,
138,605,331,606,331,631,138,631,
606,573,680,572,680,595,606,596,
435,570,511,572,510,598,434,597,
110,577,317,574,317,596,110,599,
606,532,678,531,679,559,607,560,
438,533,500,532,501,560,439,561,
192,534,288,535,288,562,192,560,
100,493,314,495,313,516,100,515,
101,459,383,462,383,488,102,486,
102,427,287,427,286,456,102,456,
106,373,662,368,663,397,106,402,
401,339,468,339,468,370,401,370,
304,340,384,335,385,362,305,367,
195,302,571,299,572,327,196,331,
176,258,591,253,591,285,176,290,