622,1087,674,1098,670,1117,619,1107,
278,1089,601,1066,604,1104,281,1127,
285,1077,403,1065,406,1088,288,1100,
565,1055,608,1059,605,1078,563,1072,
425,1060,517,1048,520,1067,427,1079,
429,1037,541,1028,543,1047,432,1056,
400,1018,558,1004,562,1030,402,1044,
300,999,389,989,391,1012,304,1021,
379,989,433,982,435,1001,381,1007,
583,982,684,999,679,1027,578,1010,
299,979,435,962,437,985,301,1001,
588,952,668,969,663,997,582,980,
300,959,432,942,435,965,302,981,
305,942,338,943,338,959,305,958,
580,913,746,941,738,983,573,956,
299,920,484,896,487,919,302,943,
483,896,525,897,525,916,483,915,
517,892,570,900,568,920,515,912,
301,901,441,885,443,905,304,921,
568,881,616,887,612,909,564,901,
300,880,441,862,445,885,303,903,
299,864,372,855,375,874,302,883,
449,861,518,855,520,874,452,880,
567,839,728,868,722,900,561,871,
420,844,520,833,522,854,422,865,
531,812,601,824,597,847,526,835,
279,841,540,810,543,837,282,868,
586,801,681,815,677,837,582,824,
277,824,499,795,503,817,280,847,
278,790,482,768,485,791,281,813,
583,769,684,781,681,804,580,792,
279,760,364,751,367,770,281,778,
563,735,685,746,683,769,560,758,
276,732,511,713,514,738,278,757,
329,695,519,683,521,706,330,718,
273,676,522,663,523,687,275,700,
579,664,688,670,686,693,578,687,
293,634,380,631,380,651,295,654,
532,625,626,625,625,645,532,645,
273,612,340,609,342,629,273,632,
338,610,382,607,384,626,340,628,
441,607,537,607,538,626,441,626,
578,604,716,604,716,627,579,627,
270,584,673,579,673,607,270,612,
290,567,379,566,379,586,291,587,
525,565,631,564,632,584,525,585,
350,548,376,549,375,560,349,559,
271,543,338,545,337,564,270,562,
433,547,539,546,539,564,433,566,
587,543,691,545,690,565,586,563,
266,518,697,522,697,549,266,545,
287,500,376,502,376,521,287,519,
531,504,634,502,635,521,532,523,
267,478,379,481,378,500,266,497,
434,483,541,482,541,502,433,503,
590,481,701,480,700,503,590,503,
262,454,555,459,555,482,262,477,
551,459,700,463,700,482,551,478,
283,434,375,436,374,454,282,452,
531,435,642,434,641,457,531,457,
263,409,331,411,330,429,262,427,
433,412,542,414,541,434,432,432,
594,413,708,412,708,435,593,435,
263,387,556,393,556,411,263,406,
545,392,708,388,709,411,546,414,
262,339,445,342,445,366,263,363,
575,340,710,342,710,366,575,364,
420,318,505,321,504,345,419,342,
263,318,353,313,355,337,264,343,
569,317,710,318,711,342,569,341,
377,287,477,286,476,305,377,305,
264,285,379,281,380,305,264,309,
488,284,568,286,567,309,487,307,
586,286,697,286,697,308,586,309,
488,267,523,268,522,282,487,281,
519,268,538,268,537,277,518,277,
392,261,458,263,457,283,391,281,
564,261,621,263,620,283,563,281,
332,229,421,231,421,250,331,248,
423,229,503,228,503,257,423,257,
525,230,655,232,654,250,525,249,
297,203,509,205,509,231,297,230,
502,207,686,210,686,228,502,225,
406,189,460,190,459,204,405,203,
482,183,588,187,587,206,480,201,
299,164,412,167,412,186,299,183,
424,167,458,168,458,183,424,182,
474,164,695,166,696,185,475,183,
321,143,385,142,385,161,321,163,
440,143,654,148,653,166,439,162,
326,125,421,127,421,142,326,140,
417,122,670,125,671,148,417,145,
337,104,490,108,489,125,336,121,
482,108,660,109,660,128,481,127,
378,88,617,92,617,109,378,105,
386,70,595,75,594,94,385,89,