228,493,228,509,188,509,188,493,
238,517,238,533,188,533,188,517,
243,614,243,633,187,636,186,617,
252,564,251,585,186,582,187,562,
265,590,264,613,186,609,187,586,
273,471,272,490,185,486,186,467,
356,791,357,817,186,824,185,798,
400,276,400,295,311,296,311,277,
423,712,424,731,340,729,340,710,
424,654,424,676,304,677,304,655,
425,739,425,759,314,757,314,738,
425,766,425,784,348,785,348,767,
424,683,424,701,339,702,339,684,
438,436,439,454,284,457,283,438,
442,352,442,373,268,377,268,355,
444,390,444,412,268,413,268,391,
448,843,448,861,286,862,286,844,
452,865,453,883,282,888,281,869,
487,325,488,348,225,350,225,327,
502,411,502,432,235,434,234,413,
518,296,519,332,174,328,174,292,
530,558,530,577,447,577,447,558,
531,654,531,673,480,673,480,654,
531,608,531,627,478,627,478,608,
531,710,532,726,484,726,483,710,
534,739,534,755,486,755,486,739,