134,898,602,898,602,931,134,931,
288,866,468,867,468,896,288,895,
79,813,685,818,685,851,78,846,
607,759,694,759,694,789,607,789,
360,758,420,757,420,786,360,787,
51,749,241,751,242,780,52,777,
605,714,690,714,690,743,605,743,
50,709,184,709,184,742,50,742,
603,658,693,658,693,689,603,689,
51,652,198,658,196,693,50,686,
52,618,182,621,182,648,51,645,
600,566,686,566,686,593,600,593,
437,564,507,564,507,592,437,592,
65,565,171,565,171,591,65,591,
279,567,332,564,333,587,280,590,
438,523,508,523,508,550,438,550,
67,522,216,526,215,552,66,548,
70,483,648,483,648,512,70,512,
435,438,505,438,505,466,435,466,
281,440,332,440,332,464,281,464,
609,436,680,436,680,464,609,464,
74,402,506,400,506,426,74,428,
82,360,201,364,200,390,81,386,
299,363,356,363,356,386,299,386,
237,363,288,363,288,387,237,387,
395,360,659,354,660,384,395,390,
209,307,551,303,551,342,210,347,
217,209,529,205,529,234,217,238,
253,165,499,164,499,187,253,188,