84,983,280,975,281,993,85,1001,
81,956,333,945,334,967,82,978,
87,927,140,925,140,939,87,941,
109,491,390,491,390,519,108,520,
396,457,478,459,477,482,395,480,
48,456,222,458,220,480,48,478,
49,423,230,426,230,448,48,445,
397,393,479,392,479,416,397,416,
47,390,145,395,144,419,46,414,
402,362,482,360,482,383,401,384,
275,364,338,364,337,384,274,383,
47,364,145,366,144,385,46,383,
379,329,482,326,483,349,379,351,
55,329,141,334,139,357,54,352,
60,301,335,303,335,325,60,323,
58,271,368,273,368,297,58,296,
61,242,233,246,232,268,60,265,
56,207,398,206,398,233,57,235,
126,175,412,172,413,204,127,207,