266,852,523,864,521,897,264,885,
531,813,600,818,598,840,529,836,
192,812,326,800,329,827,194,839,
531,769,598,773,597,796,530,793,
351,763,412,763,412,782,351,782,
187,733,454,725,455,757,188,765,
529,699,596,702,594,725,527,722,
352,694,412,694,412,717,352,717,
189,670,376,660,378,684,190,695,
499,629,593,631,593,653,498,651,
350,631,412,631,412,651,350,651,
194,565,299,564,299,583,194,584,
459,562,590,558,590,577,459,581,
304,527,475,526,475,545,304,546,
293,465,483,463,483,482,294,484,
192,432,585,422,586,458,192,468,
294,411,481,409,481,431,295,432,