432,990,549,987,550,1009,433,1012,
432,961,546,959,547,982,432,983,
620,960,685,958,687,981,622,983,
447,866,673,865,673,894,446,895,
175,797,436,796,436,826,176,827,
564,794,671,794,672,825,565,825,
173,736,350,737,351,770,173,769,
585,741,663,742,663,768,585,767,
174,690,242,691,242,722,174,721,
582,690,657,691,657,714,582,713,
145,648,242,647,242,673,145,673,
480,650,545,651,545,670,480,669,
588,649,657,650,657,669,588,668,
150,617,262,615,261,638,149,640,
479,617,543,617,543,636,479,636,
586,616,655,614,655,637,586,638,
238,574,319,576,319,598,238,596,
489,572,543,573,543,597,489,596,
592,573,654,574,654,597,592,596,
171,545,406,543,406,566,172,567,
173,513,294,511,294,537,173,539,
343,515,503,514,502,533,342,533,
176,484,306,484,307,506,176,507,
341,484,502,484,502,503,342,503,
178,454,228,455,227,474,177,473,
276,451,499,449,499,472,275,473,
178,423,293,423,294,444,178,445,
327,423,474,423,475,442,328,442,
241,384,537,381,538,411,242,414,
296,343,485,342,485,367,296,369,
294,307,489,306,489,328,294,328,
211,275,570,270,571,291,212,297,
318,136,393,138,393,153,318,151,