246,1164,810,1162,810,1190,247,1192,
322,1127,739,1128,740,1155,322,1154,
259,1057,812,1057,811,1085,258,1086,
356,1021,707,1023,706,1053,356,1051,
585,927,808,927,807,952,585,951,
269,927,439,927,438,953,269,953,
270,893,600,891,600,920,270,921,
599,864,804,863,804,889,599,888,
275,864,488,865,488,889,276,889,
376,800,698,801,697,830,376,828,
706,770,802,769,801,794,706,795,
276,769,431,771,430,797,276,795,
729,737,800,737,800,763,729,763,
289,739,359,742,358,768,287,765,
704,711,797,709,797,730,704,732,
291,708,395,712,394,738,290,734,
705,680,796,679,797,699,705,701,
282,678,457,685,455,709,282,702,
705,630,793,626,794,646,706,650,
285,648,493,656,492,680,284,672,
286,618,539,629,539,654,286,644,
713,573,793,569,795,595,715,599,
513,571,587,574,587,600,511,596,
703,545,766,545,766,566,703,566,
286,565,445,568,444,591,286,587,
605,548,699,546,700,566,605,568,
287,533,604,542,602,572,285,563,
715,512,794,514,793,540,714,537,
515,513,588,514,588,539,514,540,
288,511,447,509,447,534,289,535,
617,489,683,485,684,506,618,510,
289,479,615,484,614,512,288,507,
718,451,796,451,796,476,718,478,
500,450,591,450,590,480,500,480,
291,450,390,451,390,477,292,475,
631,389,798,390,797,415,632,415,
297,400,386,395,388,420,298,425,
659,358,798,357,798,382,659,384,
294,366,590,359,590,388,294,394,
447,329,638,330,639,357,446,356,
544,272,696,269,697,299,544,302,
547,238,693,235,693,266,548,268,
297,242,448,234,450,274,299,282,
491,200,750,199,751,232,491,232,
531,163,713,166,712,194,531,192,