44,961,239,963,239,981,44,979,
42,934,294,937,293,959,41,956,
49,905,103,906,103,920,49,919,
128,833,475,833,474,851,127,851,
172,811,432,811,432,830,173,829,
133,773,159,774,159,787,133,786,
162,770,480,770,481,787,162,787,
190,748,414,747,413,766,190,766,
131,686,241,685,241,703,131,704,
337,685,478,687,478,702,337,700,
132,665,337,663,338,681,132,683,
133,643,274,644,273,662,132,661,
345,644,480,643,480,661,344,662,
198,604,408,602,409,620,198,622,
133,582,233,582,233,601,133,602,
141,564,184,565,184,580,141,579,
431,564,478,563,478,580,432,581,
143,544,208,545,208,560,143,559,
424,544,476,542,476,558,425,560,
135,523,250,522,251,540,135,541,
424,525,477,523,477,539,425,541,
136,503,264,504,264,520,136,519,
135,481,306,484,306,502,135,499,
424,484,475,485,475,500,424,499,
136,445,240,446,240,461,136,460,
296,446,337,446,337,462,296,462,
424,443,475,444,475,460,424,459,
137,426,282,428,282,442,137,440,
276,427,356,425,357,440,276,442,
356,424,458,424,458,440,357,440,
137,405,241,406,241,421,137,420,
287,405,337,403,338,419,288,421,
425,404,474,405,474,421,425,420,
135,384,272,385,272,403,135,402,
137,367,241,367,240,382,136,382,
295,366,337,366,336,382,294,382,
431,365,475,366,474,382,430,381,
135,346,263,346,263,365,135,364,
261,348,305,348,305,362,261,362,
137,326,203,327,203,345,137,344,
279,325,331,325,331,344,279,344,
413,324,467,323,468,342,414,343,
137,289,200,290,200,305,137,304,
365,287,473,285,473,304,365,305,
136,268,338,267,337,286,135,286,
384,269,464,267,464,282,383,284,
241,247,361,249,361,267,241,265,
307,213,402,214,402,229,307,228,
291,191,417,192,417,210,291,209,
139,187,243,188,243,214,139,213,
281,169,427,170,427,185,281,184,
283,148,426,149,426,167,283,166,