388,1451,799,1476,797,1503,386,1477,
358,1408,847,1445,845,1481,355,1444,
511,1376,677,1391,675,1420,508,1404,
510,1340,708,1354,706,1388,508,1374,
466,1301,739,1321,737,1355,463,1335,
321,1238,882,1272,880,1312,318,1278,
589,1227,753,1231,752,1264,588,1260,
326,1208,578,1225,576,1251,325,1234,
593,1152,693,1154,692,1186,592,1184,
796,1155,883,1158,882,1192,795,1189,
320,1137,409,1146,406,1175,318,1166,
797,1119,882,1122,881,1156,796,1153,
594,1114,692,1116,691,1150,593,1148,
319,1106,395,1108,394,1136,318,1134,
317,1068,870,1083,869,1115,316,1100,
313,994,614,998,614,1030,313,1026,
313,958,410,956,410,990,314,992,
763,963,886,962,886,1002,764,1003,
522,884,819,892,817,930,521,922,
333,820,603,823,603,876,333,873,
420,745,678,742,678,776,421,779,
782,736,885,737,885,773,782,772,
421,709,688,704,688,736,422,741,
769,699,883,696,884,731,770,734,
416,672,689,666,690,698,417,704,
781,660,886,657,887,693,783,697,
417,634,690,626,691,660,418,669,
769,621,885,619,886,653,770,656,
414,596,685,588,686,620,415,629,
780,583,884,579,886,615,781,619,
416,558,682,548,683,581,417,591,
767,542,886,537,887,577,769,582,
411,519,687,506,688,539,412,551,
315,488,377,489,376,517,314,516,
779,500,889,495,891,535,780,539,
480,475,607,470,608,505,481,509,
765,457,886,454,888,493,766,497,
463,436,704,422,706,460,466,474,
372,401,652,384,655,422,374,438,
373,362,667,344,669,380,375,397,
325,329,684,303,687,338,328,364,
311,287,852,257,853,295,313,325,
296,245,889,218,890,262,297,289,
465,202,707,197,708,231,466,236,