63,971,258,967,259,985,64,989,
61,944,312,939,312,961,61,966,
78,917,114,916,114,926,78,927,
94,758,469,762,469,780,93,776,
141,734,423,737,422,755,142,752,
94,688,478,692,477,714,94,710,
161,665,402,668,401,686,160,683,
171,600,400,600,399,619,171,618,
410,579,477,580,477,598,410,597,
98,576,207,577,207,596,99,595,
409,555,476,557,475,575,408,573,
107,554,182,557,181,575,106,572,
419,535,476,534,477,552,420,553,
99,532,225,534,226,552,100,551,
101,511,244,513,244,531,101,529,
419,492,475,491,476,509,419,510,
102,488,288,492,288,510,102,506,
419,448,475,447,475,466,419,467,
268,448,323,447,323,466,268,467,
101,447,219,449,218,467,100,465,
101,426,236,427,236,446,101,444,
409,404,466,403,466,422,409,423,
258,404,318,403,318,425,258,426,
103,402,177,405,176,424,102,422,
355,362,473,360,473,379,355,381,
104,361,173,362,173,380,103,379,
373,341,463,339,464,357,374,359,
103,340,323,341,323,359,103,358,
217,317,349,319,349,338,216,336,
289,281,397,278,398,296,290,299,
276,258,413,255,413,273,276,276,
111,250,221,253,220,280,109,277,
263,233,424,232,425,252,263,252,
282,210,406,207,406,228,282,231,