137,820,536,822,537,841,137,839,
187,794,486,793,485,814,187,815,
136,746,544,742,544,767,135,770,
204,722,463,718,463,739,205,743,
216,650,460,644,460,666,216,671,
135,626,256,624,257,647,136,649,
477,624,538,623,538,642,478,643,
144,604,227,603,226,623,144,623,
469,601,537,599,537,619,469,621,
136,580,275,578,275,597,137,600,
476,578,537,576,538,595,477,597,
139,557,293,555,293,574,138,576,
139,532,340,532,341,551,139,551,
475,532,534,529,535,548,477,551,
135,487,265,488,265,506,136,506,
327,487,378,488,378,507,327,506,
473,486,534,484,535,504,474,505,
136,463,276,465,275,484,135,482,
274,466,307,467,306,483,273,482,
304,464,498,462,498,483,304,485,
138,438,218,443,218,462,137,457,
311,441,369,442,369,461,311,460,
464,438,525,436,526,459,465,461,
138,392,217,397,217,416,137,411,
409,396,531,393,531,412,410,416,
139,370,375,375,374,393,138,388,
426,374,522,371,522,389,426,392,
263,350,403,353,403,374,263,371,
337,308,453,309,454,328,337,327,
315,283,473,285,473,304,315,303,
144,269,267,279,265,309,141,300,
318,258,472,261,472,282,318,279,
300,234,488,238,488,256,300,252,