171,861,204,862,203,873,170,872,
210,857,358,855,359,870,210,872,
387,857,411,858,411,865,387,864,
170,845,202,846,202,860,170,859,
170,830,287,826,287,841,170,845,
170,815,247,811,248,826,171,830,
169,800,211,797,212,812,170,815,
170,785,208,782,209,797,170,800,
170,749,253,747,253,770,170,772,
356,747,411,747,411,767,356,768,
172,731,248,729,249,745,173,747,
350,729,409,728,410,743,351,744,
171,716,298,715,297,731,171,732,
351,715,406,715,405,730,351,730,
171,699,223,696,223,716,171,719,
349,696,409,696,410,715,350,715,
174,681,212,682,212,694,174,693,
174,667,212,665,212,678,174,679,
174,654,213,655,213,666,174,665,
172,638,223,636,224,651,173,653,
173,626,222,625,222,636,172,638,
374,622,407,623,407,638,374,637,
172,612,225,611,225,622,172,624,
371,608,407,609,407,624,371,623,
174,597,229,597,229,609,174,609,
370,596,405,594,405,610,370,612,
174,584,229,585,228,597,174,596,
367,582,404,580,405,595,369,597,
171,570,231,568,231,582,171,583,
363,570,402,569,403,580,364,582,
174,557,234,555,234,567,174,568,
355,555,404,557,403,569,354,567,
174,543,234,544,234,555,174,554,
353,541,404,543,404,555,353,553,
174,529,235,529,235,540,174,541,
346,527,404,526,405,541,347,542,
173,514,258,514,258,527,172,528,
174,488,266,488,266,500,174,500,
174,472,260,473,259,488,173,487,
176,450,225,451,225,463,176,462,
344,448,403,447,404,462,345,463,
175,434,306,435,305,449,174,448,
362,436,404,437,403,448,361,447,
177,422,247,424,247,436,177,434,
177,410,231,411,231,422,177,421,
178,398,240,399,239,410,177,409,
361,395,404,397,403,412,360,410,
177,383,250,385,250,396,177,394,
176,373,213,374,213,385,176,384,
360,371,401,373,401,388,360,386,
176,359,284,358,284,373,175,374,
179,346,248,348,248,360,179,358,
179,335,219,336,219,347,179,346,
343,335,400,333,401,349,344,350,
180,311,208,312,207,325,179,324,
357,311,400,310,400,324,356,326,
262,300,330,302,330,314,262,312,
178,288,256,287,256,302,178,303,
341,289,398,287,398,301,341,303,
181,277,237,278,236,290,180,289,
180,263,251,263,251,277,180,277,
358,264,397,265,397,280,358,279,
179,252,247,250,248,265,179,267,
342,252,396,253,396,268,342,267,
182,239,233,240,232,251,181,250,
348,241,395,242,394,253,347,252,
180,223,257,227,257,242,180,237,
342,227,395,225,396,239,342,241,
359,198,398,199,397,214,358,213,
240,185,326,185,326,199,241,199,
178,155,335,158,334,173,177,170,
180,144,313,145,313,156,180,156,
180,130,256,132,256,144,180,142,
181,115,252,117,251,129,180,127,
179,101,255,103,255,115,179,113,
179,86,213,87,213,99,178,98,
230,72,275,73,275,85,230,84,
277,44,327,41,327,57,277,60,