55,1202,300,1205,299,1228,54,1225,
53,1169,368,1173,368,1201,53,1197,
62,1132,126,1133,125,1151,61,1150,
239,1024,540,1026,540,1048,239,1047,
278,957,494,958,494,980,278,980,
283,933,491,931,491,950,284,952,
170,895,583,896,584,923,171,922,
190,864,312,863,312,881,191,883,
525,862,581,863,581,883,525,882,
188,834,306,833,307,852,189,853,
516,834,579,835,579,853,516,852,
184,805,376,802,377,825,185,828,
514,803,578,804,578,823,514,822,
280,783,327,783,326,801,279,801,
189,779,253,783,251,803,187,799,
326,751,360,752,360,766,326,765,
413,750,468,750,468,769,413,769,
516,750,573,748,574,768,517,770,
193,724,473,720,473,743,194,747,
193,699,316,697,316,716,193,718,
326,672,356,673,356,688,326,687,
410,673,465,670,466,690,411,693,
508,671,572,672,572,691,508,690,
193,646,390,645,391,668,193,668,
194,622,317,621,317,640,194,640,
278,599,343,593,344,607,280,614,
411,597,464,597,464,617,411,617,
515,595,569,596,569,616,515,615,
195,575,404,571,404,590,196,594,
194,549,307,545,308,564,194,567,
203,526,275,527,275,541,203,540,
293,523,391,524,391,542,293,541,
392,522,457,523,457,542,392,541,
469,521,555,520,556,538,470,540,
321,497,449,497,448,515,320,516,
278,463,489,464,489,488,278,487,
238,423,529,426,529,448,237,446,
206,406,566,404,567,421,207,423,
273,381,496,380,497,403,273,404,
237,356,532,355,531,374,236,375,