257,920,505,918,506,933,258,935,
288,904,479,905,478,919,287,918,
260,876,511,880,511,895,260,891,
302,860,464,865,464,880,302,875,
407,820,513,821,513,835,407,834,
259,818,340,819,341,833,259,832,
260,803,411,804,411,819,259,818,
415,790,514,790,513,805,414,805,
261,785,364,788,364,804,260,801,
309,757,465,758,464,773,308,772,
468,744,513,746,512,759,467,758,
262,740,336,741,335,756,261,755,
457,729,514,728,514,743,457,744,
267,729,319,728,319,740,267,741,
466,714,513,713,514,728,467,729,
263,711,348,711,349,725,264,725,
459,700,507,699,507,711,459,712,
265,696,358,697,357,711,265,710,
467,683,512,682,512,697,467,698,
264,681,389,680,389,695,264,696,
473,652,511,652,511,668,473,668,
374,652,412,652,412,667,374,667,
263,651,343,651,342,666,263,666,
264,638,464,638,463,652,264,653,
473,624,512,624,512,640,473,640,
374,625,412,625,412,636,374,636,
265,624,345,624,345,635,265,636,
263,608,504,608,505,625,264,625,
476,595,511,595,511,610,476,610,
379,596,411,596,411,608,379,608,
266,596,343,595,343,606,266,607,
453,582,477,581,477,593,453,594,
373,581,455,581,455,593,373,593,
266,581,376,578,376,592,266,595,
469,567,510,566,511,581,470,582,
375,567,411,567,412,578,376,578,
267,567,338,566,339,578,268,579,
267,550,506,551,506,566,266,566,
475,537,510,537,510,552,475,552,
380,539,414,539,414,550,380,550,
269,538,344,537,344,549,269,550,
268,521,438,522,437,537,267,536,
469,511,509,510,510,526,470,527,
374,510,414,510,415,522,375,522,
268,509,344,509,345,521,268,521,
450,497,496,496,496,511,450,512,
267,493,450,495,449,510,266,508,
468,484,508,483,508,495,468,496,
467,468,509,467,510,482,467,483,
369,467,413,467,414,482,370,482,
270,469,343,468,344,479,270,480,
267,450,319,452,318,467,266,465,
267,435,496,438,495,456,266,454,
465,427,509,426,509,438,465,439,
370,427,413,427,413,438,370,438,
268,424,349,425,348,439,267,438,
412,410,499,409,500,424,413,425,
268,409,413,411,414,425,269,423,
470,395,509,395,509,410,470,410,
375,398,412,398,412,410,375,410,
269,396,345,396,345,408,269,408,
268,380,410,384,409,398,268,394,
471,370,509,370,509,382,471,382,
375,371,412,371,412,381,375,381,
268,365,349,369,348,383,269,379,
266,351,508,354,509,371,266,368,
471,339,510,339,510,354,471,354,
370,342,411,342,411,354,370,354,
269,337,348,340,347,354,269,351,
267,322,409,327,408,342,266,337,
469,313,508,313,509,325,470,325,
372,314,410,314,411,326,373,326,
268,310,346,311,346,323,269,321,
410,297,506,296,506,311,410,312,
268,295,414,298,414,312,268,309,
471,281,508,284,507,296,471,294,
376,284,411,284,411,296,376,296,
269,281,349,284,348,296,269,293,
266,265,410,271,409,287,267,281,
469,255,510,255,511,270,470,270,
369,258,411,258,412,268,370,268,
270,252,346,256,346,267,269,264,
413,242,504,241,504,256,413,257,
268,237,414,242,414,257,268,252,
471,227,509,227,509,242,471,242,
376,229,413,229,413,241,376,241,
270,223,346,226,345,240,269,237,
354,216,409,215,409,226,354,227,
269,208,353,212,354,227,269,223,
467,198,505,198,506,213,468,213,
371,200,407,200,407,212,371,212,
270,194,317,196,317,211,269,209,
432,169,508,170,508,185,432,184,
271,167,317,168,317,182,270,180,
443,160,504,159,505,170,444,171,
270,151,414,158,414,175,270,168,
342,141,431,143,430,158,341,156,
390,117,463,119,462,134,389,132,
368,101,482,101,483,116,368,116,
272,94,349,100,348,120,271,113,
384,87,466,87,465,102,384,101,
371,71,482,70,482,85,371,86,