194,819,570,822,570,844,193,841,
241,795,523,799,524,820,241,816,
227,750,577,754,577,777,227,772,
197,759,235,758,236,773,198,774,
260,727,504,731,503,752,259,749,
421,662,577,667,577,685,420,680,
195,666,316,663,317,681,196,684,
195,642,422,637,422,659,195,664,
430,618,577,620,577,639,430,637,
195,618,351,618,352,637,196,637,
269,572,501,571,501,593,269,593,
196,548,310,549,309,571,195,571,
528,531,576,531,576,548,528,548,
205,531,253,530,254,546,206,547,
528,511,576,509,576,525,528,527,
206,506,283,506,282,525,205,525,
519,487,577,485,578,503,520,505,
196,484,325,485,326,503,196,502,
197,462,343,464,342,482,196,480,
520,441,577,439,578,457,521,459,
198,437,387,440,387,461,198,459,
520,396,577,394,578,413,521,415,
369,398,421,397,422,413,370,414,
194,394,316,396,316,415,194,412,
193,370,563,371,563,393,192,393,
511,349,570,348,571,368,512,369,
358,349,415,351,415,371,358,369,
194,348,271,349,271,369,193,367,
457,308,575,305,576,320,458,323,
194,304,270,306,270,324,193,322,
476,285,568,283,568,298,476,300,
194,280,424,285,423,306,193,302,
313,259,450,261,451,280,313,279,
388,219,498,216,499,234,389,237,
355,192,533,190,533,209,355,212,
198,185,320,189,318,217,198,214,
384,168,506,167,507,186,384,187,
358,146,534,142,534,160,358,164,