274,918,529,917,529,934,274,935,
313,872,472,871,472,890,312,892,
188,828,297,825,298,843,189,846,
188,793,254,794,253,813,187,812,
529,791,595,792,594,810,528,809,
187,758,359,756,360,778,188,781,
491,753,592,758,592,781,490,776,
213,722,339,722,338,737,213,737,
540,721,589,722,588,738,539,737,
415,720,465,720,464,736,414,736,
212,689,314,689,314,704,213,704,
539,687,589,688,589,704,539,703,
413,687,465,684,466,699,414,702,
214,660,276,658,277,674,215,676,
536,647,588,648,588,664,536,663,
412,646,466,644,467,660,413,662,
215,640,289,641,289,656,215,655,
213,609,326,610,326,625,213,624,
414,608,465,608,465,623,414,623,
537,608,588,609,588,625,537,624,
217,576,323,577,324,592,217,591,
414,575,464,575,464,590,414,590,
536,575,586,576,586,592,536,591,
214,551,258,546,259,563,215,567,
414,536,464,536,464,552,414,552,
534,535,587,534,588,553,535,555,
218,528,320,530,320,545,218,543,
246,484,314,487,313,506,246,502,
187,445,354,447,354,462,187,460,
186,415,428,417,428,435,186,433,
188,388,262,389,261,404,187,403,
331,362,447,363,447,378,331,377,
349,331,431,329,431,348,350,350,
281,296,499,297,498,316,280,316,
316,269,466,270,466,284,316,283,
322,246,458,247,458,265,322,264,
201,220,579,222,579,245,200,242,
213,162,564,166,564,188,213,184,