44,962,240,966,240,984,44,980,
44,935,294,940,293,962,43,957,
53,906,96,907,95,921,52,920,
164,654,473,665,472,684,164,673,
202,640,433,647,432,662,202,655,
166,602,477,609,477,624,166,617,
220,586,416,591,416,606,220,601,
226,530,419,534,418,552,225,548,
168,511,260,513,260,531,168,529,
433,517,480,518,480,533,433,532,
176,496,237,498,237,510,176,508,
424,499,479,500,479,515,424,514,
171,475,274,479,273,494,171,490,
425,480,480,481,480,496,425,495,
171,457,287,462,287,476,171,472,
172,439,325,445,324,460,171,454,
425,445,480,442,480,458,425,461,
309,409,354,410,354,425,309,424,
171,405,268,408,268,423,171,420,
431,407,480,408,480,424,431,423,
174,389,357,393,356,408,173,404,
351,392,421,391,421,406,351,407,
174,372,232,374,232,386,174,384,
308,374,354,373,355,389,309,390,
430,372,480,369,481,388,431,391,
173,353,401,355,401,374,172,372,
175,338,270,340,270,354,175,352,
309,339,356,340,356,355,309,354,
430,335,480,332,481,351,431,354,
172,319,413,317,413,338,172,340,
176,303,236,305,235,320,175,318,
304,304,350,305,349,321,303,320,
424,301,473,298,474,317,425,320,
178,271,234,273,234,284,178,282,
381,270,479,263,479,278,382,285,
176,251,358,252,357,271,175,270,
397,251,471,245,473,261,397,267,
269,236,378,234,378,252,270,254,
328,204,416,197,418,217,328,222,
181,180,274,184,274,207,181,202,
311,187,434,179,436,194,312,202,
301,168,445,159,445,176,302,185,
297,147,451,140,453,159,298,166,