59,939,324,947,323,972,58,964,
58,899,411,914,410,947,56,932,
336,904,469,906,469,920,336,918,
259,882,477,882,477,904,259,903,
362,858,490,858,491,873,362,873,
246,837,335,834,335,854,246,856,
452,837,492,838,491,854,451,853,
244,799,301,797,301,815,243,817,
311,797,400,796,400,813,311,814,
447,796,494,797,493,813,446,812,
245,777,299,776,300,794,246,796,
312,775,397,775,398,793,313,793,
450,775,494,776,494,792,450,791,
247,757,300,758,299,774,246,773,
312,754,401,753,401,771,312,772,
444,754,494,752,495,770,444,772,
248,736,300,737,300,753,248,752,
313,733,398,732,398,751,314,752,
449,733,494,734,494,750,449,749,
247,706,301,704,302,724,248,725,
312,705,384,704,385,722,313,723,
443,705,493,703,494,721,444,723,
248,686,302,684,302,702,248,704,
313,684,383,685,382,701,313,700,
445,685,492,686,491,702,444,701,
249,667,301,664,303,682,250,685,
314,665,382,667,382,682,314,680,
444,665,491,663,491,679,445,681,
248,645,302,642,303,661,249,665,
315,645,383,645,382,661,315,661,
434,645,492,643,491,659,434,661,
250,626,302,624,303,642,251,644,
313,625,397,624,398,642,314,643,
446,624,491,625,491,641,446,640,
252,608,303,606,303,622,252,624,
314,605,394,604,393,622,314,623,
448,605,491,606,490,621,447,620,
250,587,303,585,304,603,251,605,
315,585,377,585,378,601,316,601,
444,585,491,586,491,602,444,601,
251,568,303,567,303,583,250,584,
316,566,382,566,382,582,316,582,
445,566,492,567,491,583,444,582,
252,548,303,549,303,565,252,564,
315,547,382,546,383,562,316,563,
444,546,491,547,491,562,444,561,
253,528,304,529,303,545,252,544,
315,528,382,527,382,542,315,543,
444,526,492,527,491,543,443,542,
251,502,304,501,303,517,251,518,
314,500,383,499,383,514,313,515,
442,499,492,497,492,516,442,518,
250,480,345,478,346,496,251,498,
352,481,391,482,391,496,352,495,
430,479,491,481,491,496,430,494,
250,459,405,460,405,478,250,478,
429,459,491,459,491,477,429,477,
249,432,411,431,411,449,250,450,
250,410,426,411,425,428,250,427,
417,412,489,412,490,427,417,427,
251,390,326,394,325,410,250,406,
376,393,489,392,490,406,376,408,
282,356,462,361,462,382,282,377,
309,330,429,331,429,349,310,348,
249,269,335,271,334,290,248,288,
414,274,490,273,489,289,414,290,
247,246,491,251,491,273,247,269,
453,233,490,234,489,250,452,249,
250,227,313,228,312,246,249,245,
296,169,430,165,433,228,299,232,