46,962,242,971,241,989,45,980,
46,935,297,947,296,969,45,957,
54,906,107,909,107,923,53,920,
160,683,479,683,479,700,159,700,
201,663,440,664,440,681,201,680,
162,626,458,625,458,643,161,643,
456,628,484,629,483,642,455,641,
219,605,420,607,419,624,218,623,
224,548,419,548,419,566,224,566,
163,529,257,529,257,547,163,547,
169,512,234,512,234,528,169,527,
435,513,484,511,484,527,436,529,
163,493,273,491,273,509,164,511,
434,493,485,492,485,510,434,511,
165,476,285,475,286,490,166,491,
164,455,325,456,325,473,165,472,
434,457,482,456,483,472,434,474,
164,420,262,420,262,435,164,435,
312,420,353,419,354,435,312,436,
439,418,483,417,484,437,440,437,
164,400,444,399,444,418,164,418,
164,383,263,383,263,398,164,398,
312,382,353,382,353,397,312,397,
440,383,480,382,481,398,441,399,
163,365,295,360,295,378,163,383,
296,363,362,363,362,379,296,379,
354,362,468,362,468,380,353,380,
165,344,227,345,227,361,165,360,
298,344,347,342,348,361,299,363,
425,344,474,342,475,361,426,363,
164,308,224,307,224,323,164,324,
382,307,481,307,481,323,382,323,
163,288,354,286,354,304,163,306,
396,287,474,287,474,303,395,303,
262,267,377,267,377,286,262,285,
323,233,417,231,417,250,324,252,
168,209,267,214,265,239,166,234,
311,213,431,213,431,231,311,231,
299,191,441,194,440,211,299,210,
303,173,441,172,440,190,303,191,