490,953,665,955,664,1035,489,1033,
172,851,517,851,517,876,173,876,
287,828,418,827,418,850,287,851,
128,792,578,793,578,818,129,816,
340,749,402,749,402,773,340,772,
108,713,218,718,217,743,108,739,
507,751,582,750,582,773,507,774,
109,685,192,687,191,712,109,711,
507,717,584,716,584,739,507,739,
397,645,449,645,449,668,397,668,
513,645,578,645,578,668,513,668,
124,617,453,615,454,637,125,639,
385,582,450,582,450,604,385,605,
512,582,574,581,574,602,512,603,
126,554,536,550,536,576,127,579,
387,521,447,521,447,540,387,542,
508,519,572,517,573,540,508,541,
133,493,510,492,510,514,133,516,
286,461,325,462,324,481,286,481,
389,461,448,462,448,482,388,481,
507,460,570,458,570,479,508,480,
145,407,232,410,231,430,144,427,
135,433,526,431,526,456,136,459,
229,408,558,403,559,425,229,431,
238,372,478,370,479,399,239,401,
247,307,470,306,470,328,247,329,
272,279,446,279,445,298,272,298,