116,1219,155,1219,155,1233,116,1233,
208,1219,227,1219,227,1228,208,1228,
51,1189,303,1187,303,1209,52,1212,
102,904,454,897,455,938,103,946,
26,866,246,858,247,890,27,898,
460,858,561,862,560,891,459,888,
29,825,256,821,257,848,29,852,
29,787,150,787,150,815,29,815,
461,784,558,784,558,812,461,812,
30,751,162,751,162,777,30,777,
481,748,558,748,558,772,481,772,
325,749,429,749,429,773,325,773,
29,716,136,713,137,740,29,743,
470,713,558,713,558,736,470,736,
312,713,389,713,389,737,312,737,
29,682,175,678,175,705,29,708,
469,679,558,679,558,703,469,703,
311,679,389,679,389,703,311,703,
29,645,178,645,178,672,29,672,
468,644,557,644,557,668,468,668,
312,644,387,644,387,668,312,668,
40,601,146,606,145,634,39,629,
443,605,558,605,558,629,443,629,
44,567,387,565,387,593,45,595,
48,536,420,536,420,559,48,559,
47,497,261,500,260,523,47,520,
46,455,455,456,455,484,46,483,
129,415,477,417,476,449,129,447,