234,838,330,847,328,867,233,857,
125,802,449,833,447,862,122,831,
183,780,381,799,379,821,181,801,
292,698,375,701,374,720,292,718,
428,681,482,681,482,700,428,700,
294,675,373,677,372,697,293,694,
306,647,474,650,474,672,306,670,
100,602,298,595,299,617,101,624,
391,594,475,593,475,615,391,616,
94,547,148,550,147,573,93,570,
411,538,473,536,473,557,411,558,
109,519,272,514,272,532,109,538,
330,511,384,510,384,529,331,530,
419,507,477,504,478,524,420,526,
160,492,229,491,229,509,160,510,
338,486,382,482,384,502,340,506,
424,479,475,479,475,498,424,498,
128,447,259,445,259,464,128,466,
310,440,411,432,412,454,311,462,
78,416,427,406,428,435,79,445,
114,363,407,355,408,392,115,400,
107,308,440,301,441,337,107,345,
85,273,258,281,256,303,84,295,
250,275,480,266,481,295,250,304,
271,213,410,204,411,234,272,243,
111,194,258,209,254,246,107,231,