362,1596,715,1574,717,1611,364,1634,
771,1541,854,1539,854,1565,771,1567,
221,1549,292,1552,291,1581,219,1578,
217,1518,400,1517,400,1543,218,1544,
759,1498,854,1503,852,1532,757,1527,
216,1484,400,1475,402,1507,217,1516,
759,1461,857,1465,855,1494,757,1489,
221,1446,345,1442,346,1468,222,1472,
220,1410,397,1405,398,1431,221,1436,
760,1385,856,1387,855,1414,759,1411,
780,1336,856,1334,857,1361,781,1363,
492,1336,561,1329,564,1357,495,1364,
211,1308,457,1292,459,1325,213,1340,
791,1236,856,1235,857,1264,792,1265,
495,1231,559,1229,560,1258,496,1260,
213,1201,520,1189,522,1221,215,1234,
778,1135,857,1136,856,1166,778,1163,
493,1131,563,1129,563,1155,493,1157,
214,1095,506,1087,507,1119,215,1127,
778,1030,856,1034,854,1064,776,1058,
496,1030,560,1028,560,1049,496,1051,
216,989,451,984,451,1012,216,1017,
778,926,857,928,856,956,777,954,
491,926,562,924,563,950,492,952,
215,879,590,877,590,909,216,911,
780,823,855,821,856,850,781,852,
489,817,560,820,559,849,488,846,
216,764,442,774,441,809,214,799,
720,715,858,711,859,743,721,747,
480,711,575,718,572,752,477,746,
212,632,312,636,311,670,210,666,
215,587,494,606,492,639,213,620,
212,542,691,563,690,609,210,588,
647,448,861,432,863,466,649,483,
217,424,396,439,394,471,213,456,
408,383,670,393,668,440,407,430,
470,297,610,300,609,341,469,339,
371,238,707,242,706,308,370,304,
426,211,655,213,654,261,425,258,