102,992,298,980,299,998,104,1010,
100,965,351,949,353,972,101,988,
104,936,157,932,158,946,105,950,
136,718,501,710,501,728,137,736,
184,694,455,688,456,706,185,712,
466,647,505,644,506,663,467,666,
137,651,473,644,474,662,137,669,
203,625,432,625,432,643,203,643,
212,560,428,561,428,580,212,579,
139,536,248,538,248,559,138,558,
452,520,499,517,500,533,453,536,
451,500,497,497,498,513,452,516,
147,516,222,518,222,537,147,534,
141,495,265,497,264,515,141,513,
451,458,495,455,496,471,452,474,
141,472,282,478,281,495,141,490,
143,450,323,459,322,477,142,468,
449,419,492,416,493,432,450,435,
309,417,353,420,352,439,308,437,
141,409,253,416,252,434,140,428,
432,379,483,376,484,392,433,395,
137,386,482,393,482,425,136,418,
293,378,345,379,345,398,293,397,
143,368,214,374,213,392,142,386,
378,340,487,338,489,356,380,358,
395,324,479,319,480,333,396,338,
142,326,214,333,212,351,140,344,
143,304,352,321,351,343,141,327,
252,298,373,304,372,322,251,316,
317,266,416,267,415,286,316,284,
285,244,446,244,446,267,286,266,
311,226,420,226,420,245,311,245,
150,223,257,237,253,263,146,251,
287,204,442,201,442,224,287,227,