225,858,563,865,562,887,224,880,
335,832,463,834,463,856,335,855,
182,792,621,802,621,825,182,815,
560,757,626,759,626,782,560,780,
153,753,295,752,296,774,153,774,
551,723,627,723,626,746,550,745,
161,719,303,716,304,737,162,740,
558,690,625,690,624,713,557,712,
163,688,274,690,273,712,162,710,
163,661,242,659,243,682,164,684,
553,619,619,621,618,645,552,642,
429,621,491,619,492,642,430,644,
328,621,366,620,367,639,329,640,
175,591,504,591,504,612,174,613,
552,561,614,560,614,579,552,580,
429,558,492,556,492,579,429,581,
175,530,562,530,563,551,175,552,
294,504,600,498,600,520,294,526,
184,501,279,504,278,523,183,520,
279,464,520,463,519,491,278,493,
283,396,508,393,508,415,284,417,
306,361,485,359,486,382,307,383,