296,1165,754,1172,754,1206,295,1199,
358,1139,695,1146,695,1174,357,1167,
298,1082,762,1087,762,1121,298,1117,
381,1057,668,1063,668,1088,381,1082,
302,977,445,976,446,1000,301,1002,
568,976,757,980,756,1005,567,1001,
305,950,569,948,568,972,305,975,
304,923,487,923,488,947,305,947,
581,925,752,925,752,945,581,945,
389,870,664,867,665,893,390,895,
305,844,435,843,435,868,304,868,
674,843,754,844,753,868,673,867,
316,819,372,820,372,840,316,839,
695,817,751,818,751,840,695,839,
316,791,402,793,401,817,315,815,
675,792,749,793,749,813,675,812,
307,766,456,762,456,786,308,790,
672,765,749,764,748,786,671,786,
309,740,475,738,476,760,310,761,
665,741,739,743,739,759,665,757,
307,716,530,713,530,736,307,739,
668,714,746,713,746,734,668,737,
302,673,441,670,442,690,303,693,
502,670,569,666,570,687,504,692,
679,666,747,663,747,684,680,687,
298,649,390,648,391,668,298,669,
299,623,488,624,488,644,299,643,
478,619,724,615,724,639,478,644,
296,599,440,596,441,617,296,621,
514,599,574,596,575,617,516,619,
698,595,755,592,757,613,699,616,
295,569,599,572,598,596,294,593,
698,547,763,548,763,568,698,567,
290,515,441,519,440,544,289,540,
503,522,576,521,576,542,504,544,
697,523,766,522,766,543,697,545,
291,460,476,464,475,484,290,480,
482,465,537,466,536,486,481,485,
530,465,738,469,737,488,529,484,
294,438,441,441,441,460,294,457,
508,439,576,441,576,457,508,455,
704,436,775,438,775,460,704,458,
298,413,477,416,476,436,297,433,
298,387,445,392,445,411,298,407,
509,390,581,392,581,412,509,410,
700,387,775,385,775,405,701,407,
302,364,459,367,458,387,301,384,
463,368,592,366,593,386,463,387,
601,363,670,364,670,386,601,385,
701,340,773,337,774,358,703,361,
304,316,448,320,447,340,303,336,
510,319,581,317,581,339,510,340,
701,317,771,313,773,332,703,337,
304,292,463,296,463,320,304,316,
467,297,683,292,683,315,468,319,
312,269,401,274,400,295,310,290,
502,275,572,271,572,292,503,296,
690,270,761,266,762,288,692,292,
316,225,401,232,399,253,313,246,
623,227,768,226,769,246,623,247,
315,201,585,205,586,234,315,229,
645,207,755,205,756,224,645,225,
454,187,618,185,618,209,454,211,
543,149,676,147,675,169,543,170,
507,127,712,126,713,146,508,147,
330,108,467,118,465,152,328,142,
510,104,710,102,710,125,511,127,
514,80,704,79,704,103,514,104,