241,1302,507,1337,503,1361,238,1326,
250,1272,385,1296,381,1320,245,1296,
251,1244,325,1255,321,1281,247,1269,
268,1134,584,1131,585,1160,269,1162,
608,1135,660,1139,658,1161,606,1157,
307,1081,612,1081,612,1109,308,1110,
283,1056,651,1057,651,1082,283,1082,
296,980,557,979,557,1003,296,1005,
300,956,431,958,431,979,299,977,
297,931,368,931,368,953,297,952,
298,906,369,909,368,929,297,926,
281,880,582,877,582,901,281,905,
280,856,491,852,491,875,280,879,
285,833,361,832,361,852,285,853,
595,852,655,852,656,873,595,874,
577,826,656,826,656,850,577,850,
282,805,502,805,502,827,282,828,
331,756,509,755,509,780,332,780,
286,731,510,731,510,756,286,755,
579,731,655,728,656,752,580,755,
287,685,349,685,348,705,286,705,
444,687,520,685,521,704,444,707,
577,687,652,684,652,706,579,708,
287,660,654,660,654,684,287,684,
287,613,651,615,652,639,287,637,
289,589,371,590,371,614,289,613,
415,592,652,592,652,616,415,616,
289,542,640,546,640,571,289,566,
346,521,444,524,444,542,346,539,
434,524,535,524,535,543,434,544,
538,525,612,522,613,542,539,545,
347,473,624,476,624,501,347,498,
353,449,615,448,616,477,354,477,
335,424,621,420,623,453,335,457,
366,405,600,400,601,425,367,430,
292,382,646,367,647,402,294,416,
297,359,638,344,641,377,298,392,
292,337,647,319,650,352,293,370,
367,318,587,298,589,323,369,342,
377,294,579,274,581,298,380,319,
423,265,529,257,531,280,425,288,