58,1201,299,1215,297,1238,57,1224,
59,1169,370,1186,369,1212,57,1196,
82,1135,122,1137,122,1151,82,1149,
181,1035,624,1027,625,1048,181,1057,
237,1005,571,1000,572,1022,238,1028,
181,951,631,945,632,968,181,974,
258,921,545,919,545,942,258,943,
181,842,322,841,323,865,182,866,
446,840,628,837,628,860,447,863,
184,815,446,811,447,834,184,838,
184,789,365,787,366,810,185,811,
456,786,624,783,624,806,456,809,
269,736,538,734,538,756,270,759,
183,711,313,710,314,734,184,735,
557,709,622,708,621,731,557,731,
193,688,251,688,251,708,194,708,
567,683,621,686,620,706,566,703,
194,661,282,660,283,682,194,684,
543,660,618,658,619,678,544,680,
186,635,333,633,334,656,186,658,
543,636,618,635,618,654,543,654,
187,609,354,609,353,632,187,631,
187,585,404,584,404,607,187,607,
541,584,615,581,616,604,542,607,
186,538,322,538,322,556,186,557,
379,537,442,536,442,556,379,557,
548,536,613,532,614,555,548,559,
185,511,415,511,415,533,185,534,
187,490,322,490,322,508,187,509,
378,487,441,486,441,509,378,509,
548,489,611,487,612,507,549,509,
193,467,285,472,284,487,192,482,
316,469,342,470,341,480,315,479,
339,464,392,467,391,486,338,483,
187,441,319,440,319,459,187,459,
377,440,441,440,440,460,377,460,
546,441,610,439,611,459,547,461,
186,415,592,416,592,438,185,438,
187,393,320,392,320,411,187,411,
376,393,439,392,440,412,377,413,
543,392,607,391,608,414,543,414,
188,369,332,370,332,388,188,387,
335,367,529,369,529,391,335,390,
186,341,274,341,273,365,186,365,
366,345,431,343,431,367,367,369,
534,344,598,342,599,366,534,368,
188,298,270,299,270,317,188,317,
472,300,603,298,603,321,473,322,
188,273,438,276,437,298,188,295,
492,276,592,277,592,296,492,295,
316,249,468,253,467,277,315,273,
397,212,518,210,518,232,396,233,
196,182,321,189,319,216,194,210,
371,187,539,186,539,207,372,208,
351,162,561,162,561,184,351,185,
391,136,522,136,521,160,391,160,