138,876,554,880,554,905,136,900,
275,845,433,845,433,871,275,871,
84,803,627,805,627,831,84,829,
63,750,320,752,320,777,63,776,
555,748,635,752,633,779,553,775,
63,712,239,712,239,741,62,742,
66,668,237,670,237,700,65,698,
567,671,633,670,634,698,568,700,
71,629,187,633,185,659,70,655,
76,592,264,591,264,618,77,619,
74,554,346,552,347,578,74,580,
69,493,236,492,236,516,70,518,
338,496,390,496,390,520,338,520,
549,496,627,494,628,520,550,522,
69,459,198,461,198,488,69,485,
548,459,626,456,627,483,549,485,
74,427,166,428,166,455,74,454,
269,384,314,386,313,407,268,405,
393,386,465,382,466,406,394,409,
541,381,617,380,618,406,542,409,
86,351,596,347,597,376,87,381,
272,315,315,317,314,337,271,335,
391,315,466,313,467,335,392,338,
537,313,612,311,612,335,537,336,
94,285,601,279,602,305,94,311,
105,254,205,254,204,277,104,276,
210,260,235,261,235,273,210,272,
232,252,289,255,288,278,231,275,
284,252,597,245,596,271,285,277,
215,211,500,209,500,239,215,242,
225,139,484,134,485,155,225,160,
254,102,460,100,460,122,255,124,