373,1241,770,1236,771,1281,374,1285,
762,1148,878,1143,879,1173,764,1178,
265,1151,467,1150,468,1188,266,1189,
777,1086,869,1084,869,1115,777,1117,
654,1090,703,1089,703,1111,654,1112,
511,1089,588,1087,588,1118,511,1120,
268,1043,554,1040,555,1076,267,1078,
769,983,863,984,862,1016,768,1014,
509,985,587,988,585,1021,507,1017,
272,941,555,942,555,976,271,976,
762,885,853,883,853,913,762,915,
507,890,583,888,583,918,507,920,
272,846,573,842,574,872,273,876,
755,790,847,788,848,818,756,820,
498,795,590,793,591,823,499,825,
272,749,531,750,531,784,272,783,
749,700,839,698,840,728,750,730,
506,705,577,703,578,730,507,732,
481,661,770,661,771,688,481,688,
276,659,468,663,468,691,276,688,
747,612,834,610,835,636,748,638,
504,611,578,614,576,646,503,642,
278,568,539,575,538,605,277,598,
742,528,827,527,827,553,742,554,
504,530,575,532,573,560,503,557,
278,481,679,490,678,524,277,515,
700,448,818,446,819,472,701,474,
494,444,582,450,580,479,493,474,
647,364,814,361,814,385,647,388,
283,356,428,361,426,385,283,380,
433,318,668,321,667,346,432,342,
422,244,675,245,675,265,422,264,
294,211,801,213,801,237,293,236,
424,181,671,183,670,203,423,201,