402,1340,652,1328,654,1347,404,1358,
675,1330,764,1324,765,1340,676,1345,
427,1286,513,1287,512,1311,427,1310,
687,1276,762,1272,764,1293,689,1297,
425,1262,509,1258,511,1279,427,1283,
393,1238,509,1234,510,1258,394,1262,
687,1226,760,1222,761,1243,687,1247,
179,1156,287,1152,288,1172,180,1176,
694,1136,754,1137,753,1158,694,1157,
122,1129,317,1126,317,1147,123,1150,
180,1070,300,1064,300,1084,180,1090,
689,1053,746,1053,746,1075,689,1075,
139,1042,216,1040,217,1060,140,1062,
471,1033,678,1029,679,1049,471,1054,
141,964,445,956,446,979,142,987,
137,853,453,845,454,869,138,877,
199,799,298,801,298,816,199,814,
680,790,739,790,739,810,680,810,
138,773,516,767,516,791,138,798,
200,721,297,723,297,738,200,736,
680,713,735,713,735,735,680,735,
139,694,627,691,628,715,139,718,
192,642,310,644,310,663,192,661,
678,639,733,639,733,661,678,661,
143,618,496,619,496,639,143,638,
203,570,301,572,301,586,203,584,
679,567,730,567,730,588,679,588,
147,544,237,548,236,567,146,562,
203,497,306,499,306,515,203,513,
668,499,725,500,725,520,668,519,
149,472,373,476,373,500,149,496,
664,438,719,439,718,459,663,458,
203,430,312,432,312,448,203,446,
157,406,213,407,213,427,157,426,
155,386,686,398,685,416,154,405,
649,377,717,378,716,393,648,392,
227,369,284,369,283,384,226,384,
148,278,343,282,342,301,148,298,
152,245,223,246,223,262,152,261,
157,231,203,231,203,247,157,247,
152,214,306,217,305,237,151,234,
422,213,473,214,472,228,421,227,
366,192,516,197,515,217,365,212,
155,151,339,156,339,176,154,171,
387,133,495,137,493,153,386,149,
541,125,591,125,591,139,541,139,
288,114,525,118,525,136,288,132,