44,961,239,961,239,979,44,979,
41,934,292,935,292,957,41,956,
48,905,98,905,98,919,48,919,
141,742,438,743,438,758,141,757,
178,723,401,724,401,739,178,738,
142,688,442,688,443,703,142,703,
194,669,383,670,383,685,194,684,
199,614,382,614,382,630,199,630,
143,598,230,598,230,613,143,613,
399,598,443,598,443,613,399,613,
149,582,207,582,207,594,149,594,
398,581,440,581,440,593,398,593,
145,563,242,563,242,578,145,578,
397,564,440,564,440,576,397,576,
145,546,257,546,257,560,145,560,
392,547,435,547,435,559,392,559,
144,528,292,528,292,543,144,543,
395,528,440,528,440,543,395,543,
396,494,440,494,440,509,396,509,
145,478,237,478,237,492,145,492,
284,477,322,478,322,493,284,492,
401,476,440,476,440,492,401,492,
145,460,329,460,329,475,145,475,
324,460,358,460,358,475,324,475,
396,443,439,443,439,458,396,458,
146,427,237,427,237,441,146,441,
279,427,320,428,320,439,279,438,
395,426,440,423,441,439,395,442,
146,410,274,410,274,423,146,423,
275,410,333,411,333,422,275,421,
146,393,236,393,236,406,146,406,
279,393,320,394,320,405,279,404,
394,390,439,390,439,406,394,406,
147,377,264,377,264,387,147,387,
264,372,366,374,366,389,263,387,
147,359,235,359,235,370,147,370,
278,356,319,357,319,372,278,371,
396,356,438,356,438,371,396,371,
382,340,420,340,420,355,382,355,
145,339,374,338,374,355,145,356,
146,323,203,323,203,338,146,338,
270,321,314,322,314,338,270,337,
386,322,430,320,431,336,387,338,
147,290,199,290,199,302,147,302,
345,288,437,288,437,303,345,303,
145,271,317,271,318,287,145,287,
357,271,431,271,431,286,357,286,
236,253,340,254,340,269,236,268,
292,223,377,223,377,238,292,238,
280,204,388,205,388,219,280,218,
148,201,237,201,237,223,148,223,
269,185,398,186,398,199,269,198,
273,168,397,166,397,181,273,182,