130,938,565,943,565,968,130,963,
272,915,442,914,442,939,272,941,
70,872,643,870,643,899,69,900,
37,820,217,821,217,847,37,846,
557,817,651,818,651,845,557,844,
332,779,388,780,388,804,332,803,
36,773,219,774,219,800,36,799,
561,774,654,775,654,801,561,800,
29,739,159,738,159,768,30,769,
577,734,657,735,657,761,577,760,
28,683,173,688,172,718,27,713,
573,680,656,678,657,709,574,711,
28,645,136,646,136,677,28,676,
400,591,480,588,481,616,401,619,
567,589,649,587,650,617,568,619,
39,552,621,548,622,577,39,580,
37,506,139,507,139,532,37,531,
257,506,309,506,309,529,257,529,
413,504,481,504,481,532,413,532,
565,502,649,503,649,533,565,532,
38,465,190,466,190,492,38,491,
414,465,482,465,482,493,414,493,
40,426,590,425,590,451,40,451,
397,382,480,382,479,408,396,408,
562,380,643,381,642,407,561,406,
43,340,606,340,606,369,43,369,
55,303,180,307,179,330,54,325,
461,305,622,305,622,327,461,327,
368,300,471,305,470,332,367,327,
272,304,329,300,331,325,274,329,
186,257,518,258,518,290,186,289,
201,178,496,181,496,204,200,200,
234,148,466,149,466,167,234,166,