94,765,492,750,493,774,95,789,
232,726,383,721,384,747,233,752,
39,691,558,675,559,701,40,717,
287,632,338,632,338,657,287,657,
13,636,190,631,191,657,13,661,
483,632,565,628,566,652,484,655,
12,598,151,601,150,626,12,624,
484,594,565,593,565,615,484,616,
11,564,114,564,114,591,11,591,
479,517,559,516,559,540,479,541,
338,518,417,518,417,538,338,538,
222,517,268,516,268,536,222,537,
26,480,523,484,522,507,26,502,
323,448,542,450,542,473,323,470,
237,448,287,448,287,467,237,467,
34,441,145,447,144,470,32,463,
158,395,453,403,452,439,157,430,
166,310,439,320,438,343,165,332,
195,269,415,280,414,304,194,294,