212,803,644,803,644,824,212,824,
267,775,592,775,591,798,268,797,
212,724,652,723,653,748,211,749,
288,695,566,696,565,721,288,719,
298,620,564,618,564,641,298,642,
213,595,341,594,341,617,214,618,
594,570,653,571,652,591,594,590,
223,570,311,571,311,593,223,592,
594,545,651,545,650,564,594,564,
214,545,361,543,361,565,214,567,
216,519,381,517,381,539,216,541,
595,492,650,493,649,513,594,512,
215,494,430,493,430,514,215,515,
592,442,649,441,649,462,592,462,
417,443,471,445,470,466,417,463,
214,447,349,446,349,464,214,465,
476,419,522,420,522,440,475,439,
373,417,473,419,473,441,373,440,
214,420,383,419,383,437,214,440,
573,391,640,387,641,409,574,413,
397,392,462,392,462,415,397,416,
212,392,300,394,299,416,213,415,
509,341,646,339,646,358,509,361,
212,341,297,342,296,365,212,365,
529,317,637,313,638,331,530,335,
212,317,470,317,470,339,212,338,
346,291,502,290,502,311,346,312,
431,242,557,240,557,261,431,263,
412,212,576,211,575,233,412,234,
216,209,349,210,348,243,216,242,
396,182,592,181,593,207,397,207,
420,155,567,155,567,178,420,178,