175,826,599,824,599,846,175,847,
228,798,547,798,548,820,229,821,
175,746,608,747,608,771,175,771,
249,719,523,720,524,742,249,742,
260,644,520,643,519,665,260,666,
541,620,607,622,606,641,540,640,
177,618,302,618,301,641,177,640,
532,595,606,596,605,616,531,614,
188,597,272,596,272,614,188,615,
540,569,605,571,604,589,539,587,
179,571,321,569,321,587,179,589,
179,544,341,544,341,563,179,564,
540,520,605,519,605,537,540,538,
179,518,391,518,391,540,179,539,
539,469,603,468,603,487,539,488,
368,470,430,469,430,488,368,489,
177,471,312,470,311,488,177,489,
176,444,364,445,364,466,176,465,
527,418,593,415,594,437,528,441,
358,416,423,419,423,443,357,440,
176,417,262,419,261,441,175,440,
468,371,602,369,602,387,468,389,
177,369,260,371,260,390,176,389,
488,346,592,344,592,363,488,365,
176,344,430,344,429,366,175,365,
309,317,461,319,461,341,308,340,
389,273,518,271,519,292,390,294,
352,244,555,243,555,265,352,266,
180,238,314,239,313,272,180,271,
356,218,553,216,554,238,356,240,
346,191,559,188,559,210,346,213,