229,390,229,405,162,405,162,390,
232,428,232,446,163,446,163,428,
242,571,242,589,166,589,166,571,
266,593,266,611,160,610,160,592,
276,282,275,313,161,307,162,276,
275,472,275,487,164,488,163,473,
280,552,280,571,165,570,165,551,
296,451,297,466,166,466,166,451,
297,531,297,549,164,548,164,530,
339,506,338,528,161,530,161,509,
365,428,365,447,308,448,307,429,
370,471,370,487,318,487,318,471,
370,451,370,466,302,466,302,451,
372,369,372,387,162,386,162,368,
395,349,395,367,264,367,264,349,
440,309,441,327,335,330,335,312,
445,609,445,630,220,632,220,610,
446,673,446,694,208,694,208,673,
450,240,449,258,322,260,323,242,
454,287,454,308,315,308,315,287,
462,263,462,285,307,285,307,263,
471,737,471,758,196,758,196,737,
501,427,501,446,448,446,448,427,
502,367,502,385,410,385,410,367,
503,388,503,406,400,406,400,388,
507,467,507,486,456,486,456,467,
507,762,506,780,159,779,160,761,
510,568,510,588,455,588,455,568,
510,547,510,566,456,566,456,547,
511,508,510,527,457,527,458,508,
513,587,514,608,457,610,456,590,
515,696,515,716,163,717,162,698,