234,465,234,480,163,481,163,466,
242,338,242,356,164,357,164,339,
244,388,244,407,162,405,163,386,
257,616,257,636,166,633,166,614,
284,639,284,661,159,662,159,640,
294,488,294,506,161,507,161,489,
298,439,297,459,161,456,161,437,
304,210,302,240,167,235,169,205,
304,591,304,610,164,609,164,589,
326,563,325,585,163,583,164,561,
369,858,368,879,155,870,156,848,
378,535,378,558,162,557,162,535,
417,485,417,508,361,508,361,485,
416,438,416,457,355,457,355,438,
426,383,428,406,342,410,340,387,
430,310,429,336,162,335,163,309,
445,283,446,304,290,306,289,285,
469,387,469,403,426,404,426,388,
511,750,510,771,225,763,226,742,
511,666,511,691,233,686,233,661,
507,233,507,256,374,259,374,237,
523,177,525,198,362,204,361,182,
539,833,539,856,192,845,193,823,
535,408,535,433,161,436,161,411,
542,202,542,228,334,232,333,207,
542,147,542,171,341,177,340,152,
583,381,583,403,510,404,510,382,
584,305,584,326,473,327,473,306,
592,864,591,882,372,877,373,859,
591,330,591,353,457,356,457,334,
594,536,594,559,529,560,529,537,
593,483,593,507,535,508,535,484,
592,435,592,454,528,455,528,436,
595,589,595,611,528,612,528,590,
598,617,598,639,528,637,528,615,
601,780,600,802,155,791,156,768,