57,1202,301,1202,301,1225,57,1225,
55,1169,368,1168,368,1195,55,1196,
100,1044,519,1039,519,1060,100,1065,
156,1017,467,1016,468,1035,157,1036,
103,965,527,964,527,987,103,988,
177,937,445,936,445,959,177,960,
105,864,239,864,239,882,105,882,
355,862,526,861,526,880,355,881,
105,836,355,833,355,856,105,858,
109,813,277,813,277,832,109,832,
365,811,525,811,525,829,365,829,
189,761,443,760,443,783,189,784,
111,737,231,737,231,760,111,760,
471,713,523,713,523,732,471,732,
118,713,173,716,172,735,117,731,
452,689,522,689,522,708,452,708,
121,690,202,690,202,709,121,709,
453,665,521,665,521,684,453,684,
113,666,251,665,251,684,113,685,
116,642,269,642,269,661,116,661,
448,616,521,616,521,639,448,639,
117,618,317,618,317,637,117,637,
458,571,519,571,519,591,458,591,
297,572,354,572,354,590,297,590,
115,572,241,572,241,590,115,590,
115,548,492,547,492,569,115,570,
297,526,354,526,354,545,297,545,
116,526,242,526,242,544,116,544,
458,524,517,524,517,544,458,544,
117,504,489,503,489,521,117,522,
459,480,515,480,515,499,459,499,
300,482,353,482,353,497,300,497,
117,481,242,481,242,498,117,498,
115,454,500,455,500,477,115,477,
458,433,515,433,515,452,458,452,
297,434,356,434,356,453,297,453,
117,433,239,433,239,450,117,450,
120,412,499,411,499,429,120,430,
456,388,513,388,513,408,456,408,
120,389,241,389,241,406,120,406,
296,386,356,386,356,406,296,406,
120,366,242,366,242,385,120,385,
446,341,507,341,507,365,446,365,
283,343,347,339,348,363,284,367,
120,341,198,341,198,364,120,364,
390,300,511,300,511,319,390,319,
123,298,196,298,196,317,123,317,
406,277,504,277,504,296,406,296,
120,271,356,277,355,300,120,294,
241,249,383,252,383,276,242,273,
317,210,432,212,431,235,316,233,
282,185,466,187,466,209,282,208,
124,178,247,183,245,212,123,207,
311,161,440,163,439,186,311,184,
285,137,465,139,464,160,284,158,