67,44,66,239,48,239,49,44,
96,42,94,294,72,294,74,42,
183,543,183,554,153,554,153,543,
196,599,196,610,158,609,158,598,
209,240,208,256,150,253,151,237,
213,271,212,289,149,286,150,267,
213,859,213,874,146,873,146,858,
222,578,222,593,157,592,157,577,
242,612,243,630,155,632,154,613,
249,151,247,177,149,170,150,144,
248,358,248,376,148,375,148,357,
249,465,250,483,148,484,148,466,
249,415,249,429,150,428,150,414,
252,306,251,324,149,323,150,305,
254,712,253,730,146,732,146,714,
257,556,257,575,152,576,151,557,
262,392,262,411,148,410,148,391,
269,539,269,554,186,553,186,538,
284,672,284,690,150,690,150,672,
302,446,302,464,149,464,149,446,
307,518,307,536,149,538,149,519,
326,272,326,287,276,287,276,272,
332,220,332,238,148,236,148,218,
332,309,331,321,287,321,288,309,
338,412,338,427,293,427,293,412,
338,357,339,372,289,375,289,360,
341,467,341,479,297,479,297,467,
352,687,353,708,149,714,149,692,
352,204,352,219,240,219,240,204,
374,445,374,463,293,463,293,445,
378,288,378,306,149,305,149,287,
389,174,389,189,294,189,294,174,
389,156,389,170,281,170,281,156,
394,121,394,136,286,135,286,120,
403,392,403,411,255,410,255,391,
409,630,410,649,200,652,200,633,
416,767,416,788,197,793,197,771,
420,137,420,156,266,155,266,136,
440,827,441,849,183,854,183,832,
448,287,448,305,382,304,382,286,
447,220,447,235,369,234,369,219,
448,269,448,285,398,285,398,269,
452,233,452,253,358,253,358,234,
455,336,455,357,147,358,147,337,
453,322,453,337,412,337,412,322,
454,305,453,321,412,321,413,305,
456,356,456,372,413,372,413,356,
457,373,457,389,412,389,412,373,
460,427,460,443,427,443,427,427,
460,409,460,424,416,424,416,409,
464,463,464,479,416,479,416,463,
465,481,465,497,431,497,431,481,
467,535,467,551,415,551,415,535,
468,514,469,533,417,536,416,516,
469,573,469,592,421,592,421,573,
468,555,468,571,420,571,420,555,
472,591,472,610,426,610,426,591,
473,670,473,688,346,687,346,669,
474,851,474,869,214,875,214,857,
476,709,475,727,340,726,341,708,
480,788,481,809,145,814,145,793,