233,1179,333,1179,333,1203,233,1203,
337,1176,400,1176,400,1201,337,1201,
72,1172,232,1176,231,1208,71,1204,
341,1133,490,1133,490,1161,341,1161,
244,1131,355,1131,355,1164,244,1164,
71,1129,239,1132,238,1164,71,1161,
140,743,318,743,318,769,140,769,
143,715,327,715,327,737,143,737,
145,683,241,683,241,707,145,707,
500,680,659,679,659,701,501,703,
319,653,487,653,487,672,319,672,
142,621,327,620,327,644,142,645,
477,619,659,619,659,641,477,641,
404,561,555,560,555,584,404,585,
151,527,308,527,308,560,151,560,
360,527,599,525,599,549,360,551,
398,493,563,493,563,520,398,520,
358,463,599,456,600,482,359,490,