45,962,241,966,241,984,45,979,
44,934,295,940,294,962,43,956,
50,906,104,907,104,921,50,920,
140,642,451,644,452,661,141,659,
182,624,413,627,413,642,181,639,
142,588,430,589,430,604,143,603,
424,589,458,590,458,605,424,604,
197,567,398,568,399,586,198,585,
204,513,396,512,397,529,204,530,
144,495,235,497,235,512,144,510,
152,477,213,478,213,493,152,492,
410,477,458,475,459,492,411,493,
145,459,251,459,251,474,146,473,
410,458,458,460,458,474,410,473,
147,440,267,441,266,456,147,455,
147,422,303,423,303,438,148,437,
409,422,457,420,458,436,410,438,
146,387,244,389,244,403,146,401,
285,389,332,388,333,402,286,404,
408,385,458,383,459,402,409,404,
146,370,331,371,332,386,147,385,
148,352,210,353,209,368,147,367,
280,352,326,353,325,369,279,368,
401,349,450,346,451,365,402,368,
146,314,206,315,206,330,146,329,
357,313,457,311,457,329,357,332,
146,297,333,298,333,315,145,315,
372,298,450,296,450,311,372,313,
242,280,353,279,354,297,243,299,
304,246,392,245,393,263,304,264,
153,225,247,227,247,249,153,247,
274,227,421,225,421,243,275,245,
299,208,400,205,401,223,299,226,
276,189,420,185,421,203,277,207,