213,958,519,943,520,964,215,980,
317,925,434,919,436,942,318,948,
169,891,577,878,579,914,170,927,
151,858,280,852,281,873,152,879,
520,851,578,851,578,870,520,870,
511,820,578,820,578,839,511,839,
155,822,283,818,284,837,155,842,
156,795,241,792,241,815,156,817,
511,790,577,790,577,809,511,809,
157,754,262,756,261,780,157,777,
511,752,576,752,576,770,511,770,
154,730,232,727,233,750,154,752,
156,693,237,684,240,711,159,720,
513,690,572,690,572,709,513,709,
412,690,459,690,459,709,412,709,
288,688,351,688,351,707,288,707,
159,664,267,662,267,682,159,683,
412,662,459,662,459,682,412,682,
165,637,550,637,550,655,165,655,
266,610,290,610,290,619,266,619,
410,606,457,606,457,625,410,625,
169,606,249,606,249,624,169,624,
510,603,566,606,565,626,509,624,
305,605,345,605,345,620,305,620,
410,579,458,579,458,598,410,598,
165,576,287,580,286,599,164,594,
170,549,495,555,495,576,170,571,
507,528,561,528,561,543,507,543,
401,528,454,528,454,544,401,544,
175,495,444,501,444,521,174,514,
403,476,454,476,454,492,403,492,
505,474,560,474,560,493,505,493,
176,437,508,448,507,475,175,464,
401,422,454,422,454,442,401,442,
504,421,559,421,559,441,504,441,
314,418,348,418,348,434,314,434,
176,383,500,396,499,425,175,411,
182,357,550,371,549,403,181,389,
270,336,479,346,478,371,269,360,
275,276,469,285,468,306,273,297,
295,248,452,257,451,279,294,269,