330,890,423,896,422,915,329,909,
482,873,539,877,538,900,479,895,
329,865,420,869,419,889,328,884,
338,788,529,797,527,823,337,814,
437,732,528,735,527,762,436,759,
115,736,333,732,333,758,115,762,
453,686,521,687,521,711,453,710,
112,693,259,688,260,711,113,716,
453,645,518,643,519,662,454,664,
110,652,167,650,168,673,111,675,
19,630,52,629,52,645,19,646,
460,607,519,606,520,624,461,625,
365,609,423,611,423,629,365,628,
84,618,247,615,248,634,85,637,
162,582,232,580,233,598,163,600,
375,575,420,574,421,593,376,594,
464,568,519,567,520,590,465,591,
100,554,304,551,305,572,101,575,
248,526,388,521,388,539,248,544,
101,526,209,526,208,548,101,547,
248,500,386,494,386,513,248,518,
100,498,219,499,219,521,99,520,
101,470,148,471,148,491,100,490,
235,449,360,445,361,460,236,464,
100,442,205,447,205,469,99,465,
156,411,415,404,416,436,157,443,
204,377,368,374,369,397,205,399,
201,344,370,340,371,361,202,365,
122,306,448,301,448,334,122,339,
216,179,290,187,287,207,214,199,