258,1328,747,1300,749,1343,260,1371,
33,1262,144,1260,145,1303,34,1305,
816,1240,957,1249,954,1289,812,1280,
29,1206,300,1197,302,1237,31,1246,
812,1183,956,1190,955,1230,810,1223,
26,1146,297,1137,298,1180,28,1189,
831,1126,958,1133,956,1175,829,1169,
23,1082,215,1075,216,1120,25,1128,
23,1023,294,1020,294,1067,23,1070,
833,1015,953,1013,953,1049,833,1051,
433,942,531,940,531,973,433,975,
842,934,952,933,952,968,842,969,
17,868,393,874,393,916,16,911,
426,790,529,788,529,824,426,826,
836,773,954,766,956,809,839,816,
10,710,416,720,415,762,9,752,
419,632,525,630,525,672,419,674,
839,615,951,605,954,647,843,657,
7,546,426,564,424,613,7,595,
398,476,539,486,535,529,394,519,
753,464,947,440,953,484,758,507,
4,363,140,370,138,415,5,408,
4,304,192,315,189,358,4,346,
8,244,383,265,381,308,4,287,
841,149,923,148,923,174,841,175,
164,136,325,145,322,197,161,188,