330,802,536,802,536,817,329,817,
399,787,478,786,478,801,399,802,
302,763,574,763,574,781,302,781,
536,737,577,738,575,754,534,753,
289,737,377,735,378,749,289,752,
536,715,577,717,575,733,534,731,
291,718,355,722,354,738,290,734,
291,703,342,703,342,717,291,717,
532,675,573,674,574,690,533,691,
455,675,494,675,494,690,455,690,
296,660,484,658,484,673,296,675,
300,643,355,643,355,655,300,655,
442,639,564,638,564,653,442,654,
368,640,443,639,443,650,368,651,
358,614,513,614,514,632,359,632,
361,567,506,568,505,583,360,582,
375,547,491,547,492,562,376,562,