45,962,240,965,239,983,44,980,
43,935,294,940,294,962,43,957,
48,903,106,904,106,923,48,922,
155,538,413,530,414,556,156,563,
99,506,261,505,260,526,98,527,
406,502,488,499,489,519,406,521,
98,475,267,474,267,497,98,497,
97,446,187,449,185,471,96,468,
406,445,487,443,488,461,406,464,
99,423,251,422,252,440,99,442,
315,420,393,417,394,437,315,439,
430,418,486,419,486,438,430,437,
98,397,245,394,245,412,97,415,
279,394,364,393,365,412,279,414,
409,393,485,392,485,410,409,411,
105,368,181,369,181,387,105,386,
402,365,481,366,480,381,401,380,
107,339,360,337,360,359,108,361,
108,316,384,314,384,332,109,334,
109,288,265,291,265,309,109,306,
106,258,409,257,408,280,105,281,
169,231,420,231,421,253,170,254,