101,973,184,973,184,987,101,987,
26,969,94,972,93,990,25,988,
27,950,234,950,234,969,27,969,
33,925,77,925,77,940,33,940,
100,871,236,871,236,885,100,885,
102,860,131,860,131,871,102,871,
100,844,211,843,211,858,100,859,
100,830,175,828,175,843,100,845,
101,817,140,815,140,828,102,830,
101,802,138,802,138,817,101,817,
287,769,328,769,328,789,287,789,
101,768,179,768,179,790,101,790,
106,754,173,754,173,766,106,766,
276,752,326,752,326,767,276,767,
105,740,221,740,221,754,105,754,
279,740,322,740,322,752,279,752,
276,723,324,723,324,739,276,739,
103,721,151,719,152,738,104,741,
106,707,142,707,142,719,106,719,
105,693,141,693,141,705,105,705,
105,681,142,681,142,691,105,691,
105,668,151,668,151,678,105,678,
296,654,324,654,324,666,296,666,
105,654,151,654,151,665,105,665,
104,642,152,642,152,653,104,653,
295,641,323,641,323,653,295,653,
106,628,155,628,155,639,106,639,
293,627,323,627,323,639,293,639,
105,615,157,615,157,627,105,627,
291,613,324,613,324,628,291,628,
105,603,158,603,158,613,105,613,
292,602,323,602,323,613,292,613,
308,591,323,591,323,598,308,598,
105,589,162,589,162,601,105,601,
287,576,323,576,323,588,287,588,
105,576,162,576,162,588,105,588,
275,563,323,563,323,575,275,575,
104,562,163,562,163,574,104,574,
102,548,185,547,186,562,102,563,
104,524,194,524,194,538,104,538,
294,513,323,513,323,527,294,527,
107,512,186,512,185,524,106,524,
108,490,153,490,153,500,108,500,
274,489,322,489,322,500,274,500,
108,478,229,478,229,489,108,489,
110,465,175,465,175,476,110,476,
110,454,163,454,163,465,110,465,
110,440,171,442,170,453,109,452,
283,441,321,441,321,452,283,452,
110,429,179,429,179,441,110,441,
108,417,139,417,139,428,108,428,
282,415,321,415,321,430,282,430,
108,403,211,403,211,417,108,417,
111,391,176,391,176,403,111,403,
272,380,320,380,320,391,272,391,
111,380,157,380,157,391,111,391,
110,356,139,356,139,368,110,368,
280,354,319,354,319,369,280,369,
187,343,244,343,244,355,187,355,
109,333,185,329,186,344,110,348,
270,330,319,330,319,345,270,345,
112,321,164,321,164,332,112,332,
279,308,317,308,317,320,279,320,
112,308,178,308,178,320,112,320,
112,295,177,295,177,310,112,310,
272,295,317,295,317,307,272,307,
113,287,156,287,156,298,113,298,
281,287,314,287,314,294,281,294,
111,274,183,274,183,286,111,286,
272,273,315,273,315,285,272,285,
278,251,316,251,316,266,278,266,
108,252,137,252,137,263,108,263,
111,217,256,217,256,230,111,230,
125,206,237,206,237,217,125,217,
114,195,181,193,181,204,114,206,
131,182,177,182,177,193,131,193,
126,174,142,174,142,181,126,181,
278,171,316,171,316,186,278,186,
113,162,182,163,182,172,113,171,