319,976,539,979,540,996,319,993,
358,953,463,956,462,974,357,971,
229,922,591,924,590,945,228,943,
548,884,593,883,594,903,549,904,
218,883,388,886,388,905,218,903,
219,858,336,859,335,879,219,877,
545,831,590,830,590,849,545,850,
219,830,335,833,334,851,219,848,
220,806,301,807,301,823,221,822,
218,776,383,776,382,799,218,798,
222,752,405,751,405,769,223,770,
524,714,584,713,584,731,524,732,
218,713,328,713,328,731,218,731,
525,687,586,686,586,704,525,705,
389,689,426,688,426,704,389,705,
220,684,338,684,338,702,220,702,
523,664,583,663,583,678,523,679,
221,661,296,664,295,683,221,681,
522,629,582,632,580,651,521,648,
223,632,312,633,311,651,222,650,
225,613,286,612,287,630,226,631,
525,582,574,581,574,596,525,597,
430,582,479,581,479,596,430,597,
307,585,347,585,347,597,307,597,
348,581,381,581,381,596,348,596,
233,560,464,560,465,575,233,575,
522,534,573,533,573,548,522,549,
436,534,504,532,504,550,436,552,
303,531,382,534,381,549,302,546,
235,535,299,534,299,549,235,550,
331,519,375,518,376,530,332,531,
438,512,485,511,486,527,439,528,
233,511,318,513,318,528,233,526,
232,489,548,487,548,505,231,507,
521,465,570,464,571,479,522,480,
421,467,489,465,490,480,422,482,
314,462,378,464,378,480,314,478,
230,441,525,441,525,460,229,459,
520,419,568,418,569,433,521,434,
429,416,523,417,524,435,430,435,
224,392,503,395,503,413,224,410,
520,370,569,369,570,385,521,386,
427,371,474,370,475,386,428,387,
227,341,546,346,545,367,226,363,
519,323,567,322,568,338,520,339,
425,320,475,322,475,341,424,339,
233,328,259,327,260,340,234,341,
228,293,531,299,530,320,227,315,
295,273,559,275,560,296,295,295,
236,269,304,273,304,291,236,287,
308,243,498,247,497,270,307,266,
312,187,490,190,489,208,311,205,
330,160,473,164,473,182,329,178,