235,1661,711,1670,710,1715,234,1706,
128,1591,768,1595,767,1657,128,1653,
127,1555,814,1558,813,1622,126,1619,
127,1519,814,1518,814,1584,127,1585,
120,1479,815,1480,815,1550,121,1549,
123,1445,812,1446,811,1512,122,1511,
129,1413,808,1408,808,1467,129,1472,
136,1364,224,1365,223,1399,135,1398,
135,1309,355,1308,355,1346,135,1347,
687,1305,807,1308,807,1340,687,1337,
134,1260,354,1255,354,1293,134,1298,
690,1255,806,1258,805,1291,689,1288,
137,1205,287,1200,287,1238,137,1243,
134,1155,352,1152,352,1190,134,1194,
688,1155,806,1157,805,1189,687,1187,
399,1085,514,1087,513,1120,398,1118,
687,1087,804,1089,803,1121,686,1119,
132,1039,317,1041,316,1075,132,1073,
397,970,518,972,517,1004,396,1002,
644,967,802,969,802,1001,644,999,
132,891,246,888,246,921,134,923,
133,842,293,838,294,870,135,874,
136,790,451,792,451,824,137,822,
134,644,350,648,349,686,133,682,
542,649,801,642,802,682,542,689,
302,581,629,579,629,617,302,619,
367,439,563,435,563,468,367,471,
139,385,793,375,793,413,141,424,
356,320,568,318,569,358,356,360,