213,985,517,971,518,1004,214,1018,
190,910,361,902,363,939,193,947,
329,846,693,836,694,869,330,879,
134,819,251,811,253,842,135,849,
135,784,262,777,264,804,137,811,
735,766,809,764,811,790,737,793,
137,687,406,681,406,713,138,719,
704,677,805,674,805,705,706,708,
152,595,313,593,314,619,151,622,
576,590,658,588,657,615,577,616,
733,589,813,587,814,614,733,617,
272,542,381,541,381,571,273,571,
593,542,658,539,659,567,593,570,
738,538,811,536,812,564,739,567,
145,490,373,490,372,523,145,523,
150,444,266,450,265,477,149,471,
292,449,361,448,361,475,293,476,
489,449,578,450,578,477,488,476,
744,446,811,446,810,474,744,474,
147,401,247,406,246,432,146,427,
488,404,564,407,563,439,487,435,
680,406,806,405,806,431,680,432,
290,363,391,363,392,398,289,399,
486,365,623,367,623,396,486,394,
316,296,539,301,538,343,315,338,
547,296,647,301,644,344,545,339,
360,252,605,257,604,283,359,278,
292,214,421,220,420,245,291,239,
421,217,667,223,666,251,420,244,
418,121,715,138,712,186,415,169,
236,97,448,112,442,182,231,166,