27,970,189,971,189,989,27,988,
27,950,233,950,233,969,27,969,
33,925,77,925,77,940,33,940,
101,810,230,808,230,820,101,821,
276,807,311,807,311,818,276,818,
101,797,129,794,130,807,102,810,
100,782,203,781,203,796,100,797,
101,769,169,767,170,782,101,784,
102,756,138,756,138,771,102,771,
100,744,135,741,136,757,101,760,
101,715,172,715,172,734,101,734,
103,702,169,702,169,713,103,713,
263,700,309,700,309,711,263,711,
267,688,307,688,307,700,267,700,
101,686,212,685,212,700,101,701,
262,671,309,671,309,687,262,687,
100,670,148,667,149,687,101,689,
102,654,140,654,140,669,102,669,
103,644,137,644,137,656,103,656,
103,631,138,631,138,643,103,643,
103,620,145,620,145,630,103,630,
282,619,310,619,310,630,282,630,
103,607,145,607,145,618,103,618,
103,595,146,595,146,606,103,606,
103,582,151,582,151,594,103,594,
278,582,309,582,309,594,278,594,
103,571,151,571,151,581,103,581,
103,559,152,559,152,570,103,570,
275,558,307,555,308,570,276,573,
102,546,155,545,155,557,102,558,
270,547,306,545,307,558,271,560,
272,535,305,535,305,546,272,546,
103,534,154,534,154,545,103,545,
260,523,307,523,307,534,260,534,
103,522,156,522,156,533,103,533,
102,505,178,508,177,523,101,520,
103,485,184,486,184,498,103,497,
105,475,179,475,179,485,105,485,
107,454,144,454,144,465,107,465,
263,454,304,454,304,465,263,465,
105,441,219,441,219,454,105,454,
142,432,165,432,165,439,142,439,
108,413,161,413,161,420,108,420,
105,399,173,399,173,411,105,411,
268,387,305,387,305,402,268,402,
106,388,133,388,133,398,106,398,
105,374,200,374,200,388,105,388,
107,364,172,364,172,374,107,374,
257,353,304,353,304,368,257,368,
105,351,150,351,150,363,105,363,
264,332,303,329,304,344,265,347,
105,330,132,330,132,341,105,341,
182,318,236,318,236,330,182,330,
257,308,301,308,301,320,257,320,
106,307,176,307,176,319,106,319,
108,295,157,295,157,306,108,306,
272,289,301,289,301,300,272,300,
105,278,173,282,172,298,104,294,
258,276,299,276,299,288,258,288,
141,275,167,275,167,285,141,285,
271,268,291,268,291,276,271,276,
108,262,148,262,148,274,108,274,
256,254,301,254,301,269,256,269,
106,246,177,250,176,265,105,261,
264,231,301,231,301,246,264,246,
163,221,237,221,237,231,163,231,
107,192,247,200,246,215,106,207,
129,182,228,187,227,202,128,197,
149,164,168,164,167,173,148,173,
266,154,303,157,300,173,265,170,
215,137,248,138,248,148,215,147,