324,995,440,994,441,1012,324,1013,
182,971,580,963,581,982,183,990,
164,933,361,931,361,952,164,955,
529,927,589,927,589,949,529,949,
162,907,298,904,299,925,163,928,
150,877,295,876,296,898,151,898,
162,851,257,853,256,871,161,869,
161,824,324,820,325,841,162,845,
159,797,376,794,376,812,159,815,
141,754,281,754,281,773,142,773,
522,749,593,746,593,765,523,768,
148,723,285,721,286,740,149,743,
525,720,595,717,596,737,526,739,
147,696,241,697,241,717,147,716,
529,690,597,689,597,708,528,709,
146,659,252,660,252,679,146,678,
530,652,597,652,597,672,530,672,
142,631,224,629,225,651,143,653,
310,591,346,592,345,608,309,607,
424,589,475,590,474,610,423,609,
546,588,596,588,595,609,545,609,
152,563,518,561,518,579,152,581,
308,527,348,528,348,547,308,546,
413,527,474,528,474,547,413,546,
535,528,596,528,596,547,535,547,
150,498,541,497,541,519,149,521,
309,466,346,467,346,483,309,482,
412,465,473,466,473,485,412,484,
535,465,596,465,596,484,535,484,
148,434,560,434,560,456,148,457,
150,401,226,402,226,420,150,419,
537,403,596,403,596,422,537,422,
420,401,474,399,475,423,421,425,
148,368,262,372,262,395,148,390,
425,372,475,373,475,393,425,392,
149,340,439,343,439,366,149,363,
421,311,473,312,473,332,421,331,
308,310,348,311,348,330,308,329,
532,311,595,309,596,331,533,334,
153,281,558,282,558,304,153,302,
159,254,278,259,277,277,158,272,
271,256,364,255,365,274,271,275,
357,256,579,254,580,273,357,274,
258,221,502,224,502,246,258,243,
145,188,178,189,178,205,145,204,
263,164,487,165,487,183,263,182,
289,143,464,144,464,159,289,158,