109,905,607,894,609,930,110,941,
279,864,468,861,468,894,279,897,
47,813,692,806,693,841,47,848,
20,747,227,744,227,773,20,776,
347,747,412,748,411,780,346,779,
597,745,700,743,700,774,597,776,
18,701,176,704,176,737,18,734,
596,698,700,696,700,727,596,729,
15,658,135,658,136,692,16,692,
194,599,253,600,252,629,193,628,
268,601,321,599,321,623,269,625,
422,600,511,598,511,629,422,631,
606,599,694,600,693,631,605,630,
33,556,543,557,543,586,32,585,
267,505,324,503,325,531,267,532,
421,506,511,506,511,536,421,536,
603,507,690,505,690,535,603,537,
36,461,440,463,440,496,35,494,
49,415,179,422,177,449,47,441,
394,420,500,424,498,451,393,446,
289,421,347,419,347,444,289,446,
530,422,668,421,668,448,530,449,
191,361,555,366,554,410,190,405,
208,267,530,274,529,300,207,293,
244,229,498,235,497,258,243,251,