46,962,243,972,242,990,45,980,
45,935,297,948,296,970,44,957,
95,765,528,757,527,779,96,786,
151,735,474,730,475,752,152,757,
98,685,534,678,534,700,98,706,
172,655,449,653,449,675,172,677,
182,581,390,579,391,600,183,603,
382,579,445,580,445,599,382,599,
99,555,226,554,227,577,98,578,
107,530,194,530,194,552,107,552,
464,529,527,528,527,547,464,548,
100,506,245,503,245,526,100,528,
463,504,526,505,526,523,463,523,
102,480,264,479,265,500,101,502,
102,455,313,453,313,475,102,477,
462,454,525,454,525,474,461,474,
99,407,231,408,231,427,99,427,
291,407,353,405,353,424,291,426,
459,405,522,404,523,424,459,424,
98,382,373,379,373,401,98,403,
378,380,504,379,504,401,378,402,
99,355,181,355,182,378,99,378,
279,355,343,355,343,378,279,378,
451,356,511,354,512,375,451,377,
99,307,181,308,181,327,99,326,
389,307,520,306,519,326,389,327,
97,281,351,282,350,305,97,303,
409,283,509,283,509,302,409,302,
231,256,380,258,380,280,231,278,
311,210,434,210,433,231,311,231,
102,174,233,181,231,215,100,208,
295,182,451,184,451,206,294,204,
278,155,464,158,463,181,277,178,
282,129,461,130,461,153,281,151,