273,1003,444,1002,444,1023,273,1024,
63,952,660,958,659,993,63,987,
569,911,670,908,671,934,570,938,
330,906,392,908,390,936,329,934,
33,894,223,900,221,929,32,923,
570,868,671,867,672,894,571,895,
30,856,175,866,174,894,28,885,
25,820,133,826,131,857,23,850,
586,779,672,778,672,804,586,805,
403,778,491,778,491,804,403,804,
252,779,303,779,303,799,252,799,
29,731,546,735,546,765,29,761,
586,689,675,688,675,715,586,716,
400,685,492,685,492,716,400,716,
248,687,303,687,303,710,248,710,
27,643,459,643,459,671,27,671,
587,593,677,592,677,622,587,623,
417,593,490,593,490,621,417,621,
246,592,302,589,304,617,247,620,
29,551,561,551,560,577,29,577,
583,499,674,498,674,528,583,529,
400,499,489,499,489,529,400,529,
35,464,430,461,430,486,35,489,
580,417,665,416,665,441,580,442,
402,416,485,416,485,443,402,443,
256,416,307,416,307,440,256,440,
44,378,457,379,458,404,44,404,
572,336,657,335,657,359,572,360,
400,335,483,335,483,358,400,358,
258,335,310,335,310,358,258,358,
58,303,480,301,480,319,58,321,
68,265,183,267,183,288,67,287,
371,261,497,264,496,289,371,287,
274,264,337,264,337,284,274,284,
215,265,267,261,269,281,217,285,
497,261,635,257,636,282,498,287,
196,217,524,216,524,248,196,249,
208,131,506,130,507,156,209,157,
240,95,477,98,476,120,240,116,