58,1202,302,1214,301,1237,57,1225,
57,1169,372,1185,371,1213,56,1197,
84,1137,117,1139,116,1151,83,1149,
185,1032,437,1026,437,1053,186,1058,
133,999,286,998,286,1021,133,1022,
430,994,510,992,511,1016,430,1018,
135,968,296,969,296,991,134,992,
136,942,221,946,220,969,135,964,
427,938,509,937,509,960,427,961,
135,916,274,916,274,939,136,940,
334,914,390,914,390,934,334,934,
446,915,507,912,508,932,447,935,
136,891,264,891,263,913,137,915,
332,888,391,887,391,910,332,910,
440,887,509,885,509,908,441,910,
138,868,240,867,240,886,139,887,
330,861,389,861,390,885,331,885,
442,862,509,861,509,884,442,884,
137,842,275,838,276,861,137,865,
331,837,388,835,388,859,332,861,
442,838,506,836,507,856,443,858,
139,817,233,817,233,837,139,837,
333,815,387,812,388,832,334,835,
443,812,505,812,505,832,443,832,
139,793,274,791,275,812,139,815,
341,790,388,789,388,809,341,810,
453,788,505,791,504,811,452,808,
141,768,274,768,274,787,141,787,
335,767,387,764,388,784,336,787,
443,764,503,764,503,783,443,783,
141,744,274,744,274,763,140,762,
335,741,386,739,387,759,336,761,
441,742,502,740,504,759,441,760,
142,720,284,720,284,738,141,739,
339,718,385,718,386,734,340,734,
443,718,502,717,502,736,443,736,
141,695,240,695,240,715,141,716,
342,694,387,696,386,714,341,712,
441,694,502,693,502,712,441,712,
142,669,248,672,247,691,142,688,
332,670,386,670,386,689,333,689,
441,670,499,670,499,687,441,688,
142,647,226,647,226,666,142,666,
344,646,387,648,386,666,343,664,
450,647,500,646,500,664,450,666,
144,624,281,625,281,643,144,641,
335,622,385,625,384,644,334,641,
441,622,500,625,499,643,440,640,
142,600,257,602,257,619,142,618,
333,601,383,599,384,619,333,621,
439,599,500,599,500,618,440,618,
142,575,281,576,281,597,142,596,
334,579,385,576,386,595,334,597,
441,577,501,576,501,595,441,595,
144,554,247,555,248,574,144,572,
333,555,385,552,386,572,334,575,
439,554,499,552,500,571,439,573,
146,530,257,530,257,548,146,549,
341,530,386,530,387,549,341,549,
440,531,498,531,498,548,440,549,
146,508,255,507,255,527,146,528,
331,509,386,507,387,527,332,529,
438,509,497,507,498,526,439,527,
144,484,267,485,267,504,144,503,
324,485,386,485,386,503,325,504,
429,486,497,484,497,504,429,506,
145,462,231,462,231,481,145,480,
333,463,382,459,383,479,334,483,
437,462,498,459,500,479,439,482,
148,437,222,441,221,460,147,456,
337,438,385,440,384,460,336,458,
149,417,234,421,233,440,148,436,
345,417,386,419,385,439,344,437,
148,395,195,395,197,413,148,414,
348,395,388,397,387,416,347,414,
149,372,282,373,282,392,150,392,
335,374,387,373,387,393,336,394,
438,374,485,376,484,394,437,392,
150,351,270,352,270,372,150,370,
332,352,386,349,387,370,333,373,
434,351,495,351,495,371,435,371,
150,328,282,329,282,348,149,347,
332,330,386,329,386,349,332,350,
434,330,493,330,493,348,434,349,
149,307,233,309,232,327,149,326,
333,311,387,307,387,327,334,331,
436,310,476,309,476,323,437,325,
149,284,275,290,274,308,148,303,
324,288,384,288,384,306,324,307,
434,290,486,289,486,303,433,305,
157,261,226,264,225,283,156,280,
447,267,477,269,477,280,447,278,
164,238,220,246,218,260,163,253,
305,242,380,242,380,257,305,256,
164,217,275,223,274,240,163,234,
286,223,402,223,403,238,285,238,
241,201,298,204,298,217,241,214,
166,197,206,199,206,212,166,210,
289,180,343,180,344,190,290,190,
283,157,370,156,370,171,284,171,
385,158,432,156,432,171,385,172,