121,896,456,855,459,876,124,917,
241,851,368,838,371,861,244,874,
70,828,513,790,516,814,72,853,
54,780,278,767,280,789,56,803,
460,753,520,753,520,775,460,775,
53,745,212,737,213,762,54,771,
54,708,210,704,211,726,55,731,
56,674,167,674,167,695,56,695,
60,640,255,632,256,655,61,663,
57,605,304,601,304,623,57,626,
451,556,516,556,516,575,451,575,
45,551,201,555,200,577,45,574,
449,526,516,526,516,545,449,545,
53,516,206,520,206,541,52,537,
458,494,515,496,514,515,457,513,
58,492,171,495,171,514,58,511,
60,468,143,468,143,487,60,487,
461,432,509,434,508,454,460,451,
346,434,394,434,394,450,346,450,
233,432,269,432,269,448,233,448,
71,404,396,408,396,430,71,427,
453,382,502,379,503,398,455,400,
343,380,392,380,392,399,343,399,
232,380,268,380,268,396,232,396,
77,349,408,353,408,372,76,368,
443,325,497,330,495,350,441,345,
340,322,389,322,389,341,340,341,
232,320,268,320,268,336,232,336,
75,283,493,298,492,323,74,309,
79,255,488,272,487,298,78,280,
179,226,413,241,411,266,177,251,
182,161,400,175,398,197,181,182,
206,131,380,142,379,165,205,153,