48,1215,249,1226,248,1248,47,1237,
48,1188,307,1203,306,1226,47,1211,
53,1154,115,1157,113,1181,51,1178,
118,763,268,759,267,782,119,786,
120,738,278,733,279,755,120,761,
117,710,204,709,204,733,118,734,
415,705,548,701,549,724,415,727,
263,681,407,679,408,701,264,703,
116,659,275,655,276,680,117,684,
395,654,546,652,547,675,395,677,
338,606,460,604,461,627,339,629,
120,575,258,579,257,611,119,607,
299,579,498,577,498,600,299,601,
332,551,467,550,467,572,332,574,
300,524,495,522,496,545,299,547,