348,1334,705,1340,704,1374,347,1369,
426,1309,618,1312,618,1340,426,1337,
306,1273,748,1282,747,1320,305,1311,
374,1176,680,1176,679,1205,374,1205,
307,1064,563,1056,565,1085,308,1093,
315,1039,488,1038,488,1064,315,1065,
620,1035,698,1032,699,1058,622,1061,
527,1012,608,1010,609,1037,528,1039,
309,970,467,967,468,992,310,994,
536,963,618,963,618,993,537,992,
682,958,750,955,751,988,683,991,
309,943,487,940,488,968,310,972,
332,891,470,890,470,920,332,921,
479,891,575,893,575,918,479,917,
333,867,406,866,407,896,333,897,
489,866,615,868,615,892,489,891,
317,822,385,826,384,851,316,847,
622,817,718,818,718,847,622,847,
320,773,421,777,420,807,319,803,
621,772,720,769,720,799,622,802,
377,727,492,726,492,755,378,755,
641,724,734,723,735,753,641,754,
322,665,441,664,441,688,322,689,
322,642,460,640,460,665,322,667,
500,640,546,642,544,665,498,663,
637,639,733,638,734,663,637,665,
318,572,387,569,387,598,318,599,
318,546,459,547,459,572,318,572,
479,547,544,545,545,572,480,574,
638,547,736,545,737,571,638,572,
317,475,405,475,405,502,317,502,
316,452,458,453,458,477,316,476,
476,454,542,452,543,479,477,482,
640,450,743,450,742,480,639,480,
311,380,433,378,432,406,311,408,
534,378,614,377,615,408,534,410,
667,374,755,379,754,409,666,404,
310,354,423,355,423,381,309,379,
307,329,451,328,451,354,308,355,
643,326,750,326,750,356,644,356,
300,251,395,250,395,280,299,280,
299,226,453,224,454,252,299,255,
470,230,539,229,539,249,470,250,
647,226,750,228,750,254,647,252,
425,197,625,190,626,215,426,221,
436,183,611,175,612,197,438,206,
374,162,522,167,522,189,373,183,
550,161,656,161,656,181,550,181,
652,163,687,164,686,180,651,178,
400,147,540,154,539,174,399,167,
409,134,480,137,479,151,409,148,
481,136,643,132,643,152,481,156,
483,121,546,120,546,137,483,137,
431,96,606,94,606,114,431,116,
533,56,596,59,595,85,532,82,
531,31,594,34,593,59,530,56,