37,976,198,974,198,992,37,994,
37,957,241,955,242,969,37,971,
42,929,85,928,85,943,42,944,
154,802,335,801,335,819,153,820,
161,776,331,777,330,795,161,794,
60,737,259,735,259,756,60,758,
233,706,308,707,307,727,232,725,
372,682,422,681,422,697,372,698,
190,677,307,678,307,698,189,696,
368,650,422,652,422,671,367,670,
218,648,308,651,307,673,217,671,
219,623,306,622,307,640,220,641,
366,597,417,596,417,612,366,613,
184,594,304,595,304,615,184,613,
365,550,415,549,415,565,365,566,
65,552,116,551,116,567,65,568,
66,529,144,528,144,543,66,544,
361,498,413,497,414,516,362,517,
66,502,116,501,117,517,67,518,
66,476,193,477,192,492,66,491,
331,450,411,449,411,464,331,465,
67,449,129,450,128,469,66,468,
64,403,118,400,120,419,66,422,
67,381,104,380,104,396,67,397,
68,355,154,357,153,376,67,373,
165,326,318,325,318,343,165,344,
99,302,382,304,382,323,99,321,
156,280,323,282,324,301,157,299,
157,248,324,246,324,264,157,266,
114,223,368,221,368,242,114,244,
75,197,408,194,408,219,75,222,
197,169,281,169,282,195,198,195,