32,973,190,980,189,995,31,988,
29,950,237,958,236,976,28,969,
38,925,82,927,81,943,37,941,
183,678,262,678,263,693,183,693,
139,652,314,651,314,669,139,670,
136,633,318,634,318,652,136,652,
249,608,329,611,328,626,248,623,
122,593,198,592,197,610,123,611,
294,594,329,592,329,607,294,609,
124,561,170,560,170,575,124,576,
178,560,246,560,246,575,177,575,
290,560,330,559,330,575,291,576,
123,545,171,544,171,559,124,560,
178,545,253,544,253,558,179,559,
287,544,330,543,330,559,287,560,
124,523,180,522,180,536,125,536,
176,522,237,522,237,537,176,537,
291,521,330,520,330,536,292,537,
128,506,172,508,171,520,128,518,
175,508,237,505,238,519,176,522,
282,505,328,505,329,519,283,520,
235,494,255,495,254,503,234,502,
127,488,239,489,238,504,127,503,
282,488,329,487,329,503,282,504,
127,465,261,465,260,480,127,480,
127,448,246,451,246,464,127,462,
288,447,327,449,327,464,287,462,
226,438,245,438,245,445,226,445,
127,432,170,430,170,445,127,447,
243,433,327,432,328,448,243,449,
153,407,303,410,302,425,153,422,
178,384,277,385,276,400,177,399,
128,337,175,336,175,352,128,353,
277,339,325,337,326,353,278,355,
129,320,163,318,163,334,129,336,
217,322,325,321,325,339,217,340,
129,305,172,306,172,321,129,320,
295,308,324,310,324,323,295,321,