144,674,542,671,542,695,144,699,
276,640,428,635,429,664,277,669,
91,597,612,595,612,624,92,626,
329,548,385,548,385,572,329,572,
68,549,235,547,236,569,69,572,
540,549,616,547,617,570,540,573,
66,513,194,513,194,539,66,539,
540,509,615,509,614,535,539,535,
66,480,162,480,162,506,66,506,
391,435,465,435,465,458,391,458,
535,433,609,434,609,456,535,455,
78,401,448,402,448,427,78,426,
277,369,327,369,327,388,277,388,
222,368,269,369,269,388,222,387,
365,367,450,367,450,389,365,389,
86,365,231,369,231,391,86,386,
472,366,591,367,591,388,472,387,
203,317,495,318,495,351,203,350,
65,273,106,273,106,292,65,292,
209,238,479,239,479,260,209,259,
241,204,454,204,453,225,240,225,