155,684,318,680,319,694,155,698,
157,663,314,659,314,676,157,680,
65,637,246,631,246,645,65,651,
224,606,292,606,291,621,223,622,
351,583,400,581,401,595,352,597,
183,585,290,584,291,599,183,600,
350,559,399,559,400,574,350,574,
208,561,292,561,292,579,208,579,
208,538,292,537,291,554,207,555,
349,515,398,514,398,528,349,529,
174,518,288,515,288,532,174,535,
348,476,397,475,397,490,348,491,
56,486,105,484,105,498,56,500,
53,461,165,462,165,479,53,478,
344,430,395,432,395,450,344,448,
56,442,104,440,105,454,57,456,
52,418,117,419,116,434,53,433,
343,386,395,388,394,406,342,404,
53,397,102,396,102,410,53,412,
52,374,128,375,128,390,52,389,
312,346,393,344,394,360,313,362,
49,350,110,351,110,368,50,367,
49,311,98,310,98,325,49,326,
48,290,83,289,84,304,49,305,
45,265,130,266,130,284,46,283,
145,239,298,234,299,251,146,256,
94,219,343,212,343,229,94,236,
131,196,304,191,305,211,132,216,
129,162,304,157,304,176,129,182,
86,139,348,128,348,149,87,160,
41,112,381,100,382,127,42,139,
167,81,261,76,263,104,169,109,