94,1164,196,1160,197,1178,95,1183,
38,1134,264,1131,264,1152,39,1155,
32,1114,270,1113,270,1134,32,1135,
161,1088,286,1088,286,1105,161,1105,
255,1069,285,1069,285,1084,255,1084,
11,1070,111,1067,112,1084,11,1087,
240,1030,290,1030,290,1048,240,1048,
89,1030,171,1030,171,1047,89,1047,
8,1031,79,1028,79,1046,9,1049,
90,1006,170,1006,170,1020,90,1020,
239,1004,289,1004,289,1021,239,1021,
10,1005,78,1002,78,1020,10,1023,
237,985,289,985,289,1002,237,1002,
88,986,168,986,168,1000,88,1000,
12,986,79,986,79,1000,12,1000,
239,965,289,965,289,983,239,983,
89,966,168,966,168,980,89,980,
11,966,78,966,78,980,11,980,
11,948,77,948,77,961,11,961,
237,945,289,945,289,963,237,963,
89,945,168,945,168,959,89,959,
11,929,76,929,76,942,11,942,
93,928,170,928,170,942,93,942,
246,926,289,926,289,943,246,943,
92,908,168,908,168,921,92,921,
16,909,76,909,76,923,16,923,
246,907,289,907,289,924,246,924,
93,891,170,891,170,903,93,903,
20,891,77,891,77,904,20,904,
243,890,287,890,287,903,243,903,
93,871,170,871,170,885,93,885,
20,871,77,871,77,885,20,885,
237,868,289,868,289,886,237,886,
245,851,287,851,287,865,245,865,
93,851,170,851,170,865,93,865,
16,850,77,847,78,864,17,867,
94,832,170,832,170,846,94,846,
7,831,78,828,78,846,8,849,
238,830,289,830,289,847,238,847,
94,805,170,805,170,819,94,819,
12,805,77,805,77,819,12,819,
241,803,290,803,290,820,241,820,
95,787,171,787,171,799,95,799,
243,783,290,783,290,800,243,800,
14,781,80,784,79,802,13,799,
93,768,167,768,167,780,93,780,
13,766,80,763,81,780,14,783,
241,764,290,764,290,782,241,782,
92,748,182,748,182,762,92,762,
241,746,289,746,289,763,241,763,
13,746,80,743,81,760,14,763,
241,727,289,727,289,744,241,744,
90,728,172,728,172,742,90,742,
12,726,94,723,94,740,13,743,
243,707,289,707,289,725,243,725,
89,707,170,707,170,721,89,721,
13,704,94,707,94,723,12,721,
240,689,288,686,289,703,241,706,
92,690,171,690,171,703,92,703,
15,689,79,689,79,702,15,702,
239,671,287,671,287,685,239,685,
93,670,170,670,170,682,93,682,
16,670,78,670,78,684,16,684,
238,651,289,651,289,669,238,669,
94,650,171,651,171,665,94,664,
16,651,78,651,78,665,16,665,
246,631,290,631,290,649,246,649,
93,629,174,632,173,649,93,646,
12,630,80,628,81,645,13,648,
248,605,290,605,290,623,248,623,
94,607,171,607,171,620,94,620,
14,601,81,604,80,621,13,618,
238,586,291,586,291,603,238,603,
95,587,172,587,172,600,95,600,
16,586,79,586,79,599,16,599,
239,568,290,568,290,582,239,582,
95,567,172,567,172,581,95,581,
16,567,78,567,78,579,16,579,
240,550,290,550,290,563,240,563,
94,547,172,550,172,563,94,561,
16,547,78,547,78,561,16,561,
239,529,291,529,291,546,239,546,
95,530,172,530,172,543,95,543,
16,527,78,527,78,541,16,541,
244,509,291,509,291,526,244,526,
95,510,172,510,172,524,95,524,
14,503,80,506,79,524,13,521,
245,491,290,491,290,505,245,505,
95,490,172,490,172,504,95,504,
17,489,78,489,78,502,17,502,
245,471,291,471,291,485,245,485,
95,470,170,470,170,484,95,484,
16,469,78,469,78,483,16,483,
244,452,291,452,291,465,244,465,
93,446,186,449,185,467,93,464,
13,445,80,448,79,465,12,463,
241,433,291,433,291,447,241,447,
93,428,191,429,191,447,93,445,
14,425,80,428,79,446,13,443,
240,402,293,405,291,423,239,420,
94,402,187,402,187,419,94,419,
13,398,80,401,79,418,12,415,
223,385,293,385,293,402,223,402,
16,382,82,382,82,396,16,396,
222,360,294,362,293,384,221,381,
19,357,101,360,100,377,18,374,
9,326,202,329,202,350,9,347,
231,310,294,314,293,333,230,328,
18,306,182,310,182,328,17,324,
183,289,295,293,294,314,182,310,
16,285,75,288,74,307,15,304,
58,254,260,262,259,284,57,276,
90,227,224,234,223,255,89,248,
234,177,293,182,291,200,232,196,
14,166,81,169,80,188,13,185,
151,148,294,158,292,183,149,173,
16,149,64,149,64,166,16,166,
251,141,291,144,290,163,250,160,
19,130,79,130,79,149,19,149,
81,77,221,80,220,133,80,130,