101,725,148,725,148,735,101,735,
22,725,36,725,36,732,22,732,
20,713,49,713,49,723,20,723,
16,698,127,700,127,714,16,713,
232,693,243,694,241,726,230,725,
18,689,89,689,89,701,18,701,
18,679,54,679,54,689,18,689,
16,664,55,666,54,681,15,678,
203,648,242,648,242,662,203,662,
15,640,94,642,94,659,15,657,
191,630,242,633,242,647,191,645,
17,627,88,629,88,640,17,639,
197,622,240,622,240,633,197,633,
16,613,137,618,137,632,16,627,
192,604,244,606,243,624,191,621,
16,602,67,602,67,616,16,616,
18,588,57,588,57,598,18,598,
18,577,55,577,55,588,18,588,
18,566,59,566,59,576,18,576,
17,552,67,554,67,565,17,564,
234,549,246,548,248,582,236,583,
17,540,66,543,66,554,17,551,
216,538,244,538,244,549,216,549,
19,532,67,532,67,542,19,542,
212,528,243,528,243,538,212,538,
19,519,71,520,71,531,19,530,
211,517,243,517,243,527,211,527,
17,508,72,509,72,520,17,519,
209,504,244,504,244,518,209,518,
17,497,73,497,73,508,17,508,
17,482,78,486,77,500,16,496,
204,483,244,483,244,497,204,497,
17,471,77,475,77,486,17,482,
192,469,244,472,244,486,192,483,
17,461,78,463,78,475,17,472,
16,447,101,452,100,467,15,461,
214,431,244,431,244,446,214,446,
17,428,88,434,87,448,16,443,
193,410,243,410,243,424,193,424,
20,405,70,407,70,418,20,417,
203,397,244,397,244,412,203,412,
19,390,148,394,148,409,19,404,
19,380,88,382,88,393,19,391,
18,369,75,371,75,382,18,380,
205,361,244,363,243,378,204,376,
18,356,84,359,84,372,18,369,
209,354,242,354,242,364,209,364,
17,342,95,347,94,361,16,357,
204,340,244,340,244,354,204,354,
18,335,51,335,51,346,18,346,
16,321,126,326,126,340,16,335,
25,313,89,313,89,324,25,324,
192,306,244,306,244,320,192,320,
17,301,65,301,65,312,17,312,
204,282,244,282,244,296,204,296,
16,277,48,277,48,291,16,291,
100,265,188,269,188,283,100,280,
192,259,244,259,244,273,192,273,
15,253,98,255,98,269,15,268,
17,244,78,244,78,255,17,255,
202,237,243,237,243,248,202,248,
16,230,91,232,91,243,16,241,
191,222,243,224,243,238,191,236,
17,220,88,220,88,231,17,231,
204,213,242,213,242,224,204,224,
17,208,67,208,67,219,17,219,
193,202,243,202,243,213,193,213,
14,192,97,195,97,209,14,207,
204,178,244,178,244,193,204,193,
14,172,44,172,44,187,14,187,
84,166,134,167,134,179,84,177,
13,139,178,147,178,160,13,152,
14,126,156,135,156,148,14,140,
16,116,91,121,91,132,16,128,
14,102,89,107,88,121,13,116,
204,103,244,103,244,119,204,119,
21,94,52,94,52,104,21,104,
65,89,97,89,97,99,65,99,
14,83,67,83,67,94,14,94,
67,73,184,79,183,97,66,90,
205,68,241,68,241,78,205,78,
116,55,167,58,167,69,116,66,
211,44,240,44,240,54,211,54,