355,616,355,597,430,600,430,618,
348,575,348,554,431,556,430,577,
334,418,334,399,418,397,418,416,
307,397,306,376,427,376,428,397,
297,282,296,261,424,262,425,284,
300,733,302,697,436,708,434,744,
301,527,301,509,429,510,429,529,
295,553,295,531,429,533,430,554,
290,439,291,418,428,422,428,442,
272,464,273,444,427,444,427,465,
254,328,255,308,424,309,425,329,
247,641,247,621,432,623,432,643,
238,192,238,171,423,176,422,196,
225,487,225,465,427,467,427,488,
197,574,197,552,260,554,260,575,
190,530,190,509,259,508,259,529,
189,639,190,622,257,623,256,640,
179,310,179,285,425,283,425,307,
164,667,164,646,311,643,311,664,
131,573,130,555,166,555,167,573,
130,526,130,514,154,514,154,526,
112,708,113,688,234,688,234,708,
102,378,102,353,356,351,356,375,
99,218,98,197,359,197,360,219,
98,757,98,740,243,739,243,756,
70,150,70,129,383,133,382,155,
79,733,78,710,269,711,269,735,
81,784,80,763,266,760,266,781,
29,127,30,106,420,109,420,129,
36,577,34,556,99,552,101,574,
38,643,38,626,139,624,139,641,
34,622,33,601,155,599,156,620,
25,282,25,262,192,265,192,286,
26,329,26,309,181,308,180,328,
27,418,28,397,91,399,90,420,
30,441,30,423,91,422,91,440,
29,488,28,467,94,463,95,484,
30,533,29,512,96,509,97,529,
23,192,23,175,243,175,243,192,