430,353,432,327,491,331,490,357,
432,480,432,459,492,459,492,480,
433,537,432,515,493,515,494,537,
431,391,431,374,490,374,490,391,
431,438,431,417,493,417,493,438,
427,614,429,593,492,597,491,617,
426,714,426,694,491,694,491,714,
419,648,418,627,491,624,493,644,
420,666,420,648,491,647,491,665,
416,587,416,566,492,565,492,586,
298,355,298,333,348,332,348,354,
297,440,297,419,357,418,357,439,
296,481,297,461,356,462,355,483,
295,395,295,375,356,374,356,394,
297,539,296,517,356,516,357,538,
259,190,259,170,319,169,319,189,
184,187,184,172,215,171,215,186,
101,355,101,338,175,338,175,355,
89,162,89,138,413,133,413,157,
72,127,71,90,435,86,436,123,
80,723,79,704,194,699,195,719,
62,430,62,406,215,409,215,434,
64,450,65,432,132,434,132,451,
64,474,64,457,187,456,187,473,
64,405,64,391,107,390,107,404,
62,495,63,474,160,476,159,498,
62,520,62,500,192,499,192,519,
61,540,61,517,204,521,204,545,
64,564,64,546,111,545,111,563,
65,697,65,679,147,678,147,696,
59,387,59,367,191,368,191,389,
63,652,63,633,184,632,184,651,
63,675,63,655,216,653,216,673,
60,592,60,572,166,571,166,591,
58,623,59,600,164,603,163,625,
21,224,20,197,484,195,485,222,
22,296,22,274,241,275,240,297,
24,320,24,299,187,305,187,326,
22,269,22,248,172,249,172,270,