97,449,357,451,356,476,98,474,
363,422,436,421,436,439,363,440,
42,415,198,417,198,438,41,436,
41,384,206,389,206,410,41,405,
360,361,434,360,434,381,360,382,
42,358,130,361,128,382,41,379,
367,335,435,334,435,352,367,353,
301,337,334,337,334,351,301,351,
245,336,306,335,306,352,245,353,
43,332,183,335,182,356,43,354,
365,308,433,307,433,325,365,326,
245,310,304,309,304,326,245,327,
44,307,177,309,176,329,43,327,
256,285,302,284,302,299,256,300,
372,280,431,279,431,297,372,298,
45,285,193,283,193,300,45,302,
372,256,431,255,431,273,373,274,
254,255,302,257,302,276,253,274,
43,257,120,259,121,277,43,277,
340,226,430,225,430,244,340,245,
49,226,125,230,123,251,48,247,
52,201,299,199,300,219,52,221,
53,177,323,176,323,194,52,195,
52,151,203,153,204,171,52,169,
49,121,349,117,349,138,48,142,
109,93,361,89,362,112,110,116,