301,878,502,877,502,896,301,897,
255,854,380,852,381,870,255,872,
506,850,565,850,565,868,506,868,
256,830,390,831,391,849,256,848,
255,809,326,809,326,828,255,828,
255,790,344,787,344,805,256,807,
507,805,563,805,564,823,507,823,
420,785,467,785,467,802,420,801,
510,785,564,785,565,801,510,801,
255,769,372,764,373,783,256,788,
421,764,468,764,467,780,421,780,
258,745,323,745,322,761,258,761,
512,765,565,765,565,781,512,781,
462,743,490,745,489,758,461,756,
492,740,563,740,563,758,492,760,
264,724,465,717,465,735,265,742,
265,702,484,699,485,717,266,721,
265,683,390,681,389,696,266,698,
265,658,505,653,505,671,265,677,
316,634,515,632,516,652,316,653,