95,495,427,485,428,519,96,529,
434,449,526,447,527,472,435,474,
26,456,228,451,229,478,27,483,
25,415,239,414,240,439,26,440,
433,372,527,373,526,398,432,398,
24,380,138,379,138,404,24,405,
439,340,526,338,526,362,439,364,
24,347,182,343,182,370,25,374,
291,340,362,341,361,363,290,362,
411,302,525,300,526,324,412,326,
33,309,130,310,131,334,34,333,
38,275,357,268,358,293,39,300,
40,243,390,236,390,257,40,264,
40,210,238,207,238,228,40,231,
37,170,423,158,423,185,38,197,
113,133,440,122,441,150,114,161,