42,960,238,960,238,978,42,978,
42,933,293,933,293,955,42,955,
51,903,93,903,93,918,51,918,
87,545,432,542,432,574,87,577,
17,501,225,501,225,527,17,527,
441,499,535,499,535,525,441,525,
18,460,239,463,239,489,18,485,
17,423,134,427,134,454,17,450,
443,423,536,423,536,449,443,449,
21,391,217,391,217,417,21,417,
308,391,368,391,368,414,308,414,
462,388,536,391,535,414,462,411,
21,358,107,358,107,384,21,384,
308,356,369,356,369,379,308,379,
460,353,536,355,535,379,460,376,
23,325,144,325,144,348,23,348,
307,322,368,322,368,346,307,346,
447,321,535,321,535,343,447,343,
23,290,134,290,134,313,23,313,
294,288,367,288,367,311,294,311,
447,287,533,287,533,309,447,309,
31,253,129,253,129,278,31,278,
420,250,533,250,533,272,420,272,
37,217,363,213,364,239,37,242,
37,184,398,181,399,207,37,209,
39,149,239,152,239,177,39,175,
38,112,431,104,431,133,38,141,
117,76,450,67,451,97,118,106,