138,982,484,981,485,1007,138,1008,
39,934,620,943,618,989,38,980,
208,912,408,910,409,939,208,941,
50,874,604,876,604,909,50,907,
47,699,404,699,404,726,47,727,
50,658,540,662,540,688,49,684,
56,618,338,622,337,648,56,644,
331,570,411,573,410,596,330,593,
524,575,619,575,619,601,524,600,
74,531,198,530,198,556,74,557,
339,532,413,535,412,559,338,556,
524,536,618,539,617,565,523,562,
81,492,207,495,206,522,80,519,
541,497,618,500,617,523,540,520,
79,457,183,455,184,485,80,487,
79,420,319,420,319,438,79,439,
549,427,614,429,614,441,549,439,
431,421,492,423,492,441,431,439,
75,384,189,386,189,408,74,407,
342,383,621,392,620,414,342,405,
157,340,530,353,529,379,157,366,
199,301,493,319,491,344,198,326,
60,255,622,284,620,326,58,298,
202,237,477,264,474,286,201,259,
71,194,608,228,606,272,68,238,
126,165,202,163,202,181,126,183,
224,143,562,161,558,209,222,191,
122,139,199,139,200,158,122,158,