131,491,172,490,172,497,131,498,
92,489,123,488,123,499,92,500,
225,462,382,459,382,480,225,483,
30,422,572,417,572,446,31,451,
9,376,270,375,271,400,10,401,
503,368,578,367,579,393,504,394,
9,344,187,341,187,366,9,369,
7,301,185,303,185,331,7,328,
6,263,133,266,132,291,5,288,
9,222,329,221,328,248,9,250,
6,182,297,181,297,206,7,207,
504,122,582,124,582,150,504,148,
287,123,340,122,341,148,288,149,
3,117,179,117,179,142,4,142,
503,87,577,86,577,108,503,109,
3,78,140,85,139,114,1,106,
3,46,104,47,105,75,3,74,
491,5,566,6,565,33,490,32,
342,5,415,5,414,32,341,32,
175,7,260,6,260,27,175,28,