171,664,252,684,247,704,166,684,
51,591,490,710,483,736,44,618,
426,634,509,652,504,680,419,662,
41,541,152,568,146,591,36,565,
430,593,514,609,509,636,426,620,
44,513,119,529,114,554,39,538,
437,537,520,550,515,579,432,566,
51,473,133,491,128,516,45,498,
53,445,115,455,111,479,49,470,
157,417,226,422,225,443,156,438,
293,430,361,435,359,461,291,456,
439,442,525,451,522,481,436,473,
68,377,508,409,506,435,66,403,
74,344,174,347,172,368,73,365,
314,352,371,356,369,383,312,379,
78,310,166,316,165,340,77,334,
447,358,529,363,527,391,446,386,
318,317,375,318,375,344,317,343,
82,283,431,282,431,306,81,307,
323,243,380,242,381,268,324,270,
104,196,197,194,198,217,105,218,
455,238,536,236,537,264,455,267,
94,223,379,210,379,235,95,247,
183,191,302,183,304,206,184,213,
302,181,380,177,381,201,303,206,
403,175,523,167,523,188,405,196,
181,146,425,128,428,165,183,182,
222,38,293,32,296,63,224,69,
198,76,416,49,420,78,200,105,