117,841,570,855,569,883,116,869,
264,813,436,816,436,844,264,841,
64,766,655,776,655,803,63,794,
37,712,221,711,221,736,38,737,
337,716,395,718,394,745,337,743,
578,717,666,718,666,746,577,746,
36,673,178,678,177,705,35,700,
578,675,667,674,667,704,578,704,
34,635,144,636,144,668,34,668,
262,588,314,587,314,609,262,610,
419,585,489,586,489,614,419,614,
578,586,663,586,663,615,578,616,
50,548,551,548,551,576,49,575,
266,500,322,502,321,527,265,525,
408,503,493,501,494,530,409,532,
581,504,666,503,666,530,581,530,
56,463,620,466,620,493,55,490,
275,420,325,422,325,445,275,443,
415,422,497,421,497,447,416,447,
587,421,672,420,672,445,587,446,
60,379,616,383,616,410,59,407,
69,335,200,344,199,368,68,360,
294,341,350,340,351,366,294,367,
394,338,494,344,492,373,393,366,
522,344,656,341,657,366,522,369,
205,284,549,288,549,330,205,325,
220,184,542,189,540,219,218,215,
257,137,514,142,513,169,256,165,