65,1128,122,1130,121,1143,63,1144,
136,1083,417,1084,417,1107,136,1106,
413,1052,505,1054,505,1075,413,1073,
77,1051,242,1053,242,1073,77,1071,
75,1021,253,1026,253,1046,75,1041,
410,995,504,996,504,1017,410,1016,
72,993,167,997,166,1018,71,1014,
428,968,504,968,504,989,428,989,
297,968,364,970,363,991,297,989,
72,969,189,969,189,989,72,989,
428,940,502,941,502,962,428,961,
297,943,360,942,360,964,297,964,
71,943,214,943,214,963,71,963,
415,914,503,914,503,935,415,935,
283,916,359,917,359,937,283,935,
70,917,221,918,221,937,70,936,
426,887,500,888,500,909,426,908,
295,889,358,889,358,910,295,910,
67,889,234,890,234,913,66,913,
435,859,501,861,500,882,435,880,
304,861,356,862,356,883,303,882,
67,863,136,866,135,886,67,883,
412,835,497,833,498,853,413,855,
292,836,355,836,355,856,292,856,
67,836,206,840,206,859,67,856,
414,808,498,808,498,828,414,828,
292,811,354,811,355,829,292,829,
66,812,227,811,227,831,66,832,
431,780,497,780,497,801,431,801,
301,785,353,783,354,800,302,802,
64,785,197,786,197,805,64,805,
422,753,496,753,495,774,421,774,
288,755,352,755,352,776,288,776,
62,759,177,757,178,777,62,779,
419,727,495,726,495,746,419,747,
288,728,350,728,350,748,288,748,
60,732,230,732,230,752,60,753,
418,699,494,699,494,720,418,720,
291,705,348,702,349,720,292,723,
58,707,212,702,212,722,59,727,
417,673,493,672,493,693,417,694,
291,678,347,675,348,693,292,696,
58,680,150,679,150,699,58,699,
428,646,491,647,490,665,427,664,
296,646,348,647,348,669,296,667,
55,653,177,651,176,671,56,673,
424,621,489,618,490,638,425,641,
295,623,345,621,346,639,296,641,
56,626,206,624,206,644,56,646,
414,592,489,591,489,611,415,612,
283,595,347,595,347,616,283,616,
55,600,150,598,151,619,55,621,
413,565,489,564,489,585,414,587,
283,569,345,566,346,586,284,589,
53,572,155,571,155,591,53,592,
414,540,487,536,488,556,414,560,
292,540,345,541,344,561,292,560,
50,546,166,544,167,564,51,566,
412,513,486,509,487,529,413,533,
283,517,341,514,342,531,284,534,
49,519,158,517,159,537,50,539,
412,482,486,481,486,502,412,503,
290,484,342,485,342,506,290,505,
50,491,199,489,199,510,50,512,
420,454,486,454,486,475,420,475,
289,456,341,457,340,479,289,479,
49,464,164,461,165,482,49,485,
418,426,484,426,484,447,418,447,
289,431,340,429,341,450,290,452,
46,437,135,437,135,457,46,457,
419,399,483,399,483,420,419,420,
287,403,340,403,340,424,287,424,
46,410,182,408,182,428,46,430,
418,374,482,371,483,392,419,395,
288,379,336,377,337,394,289,396,
45,383,153,381,154,401,45,403,
417,346,481,343,482,363,417,366,
286,350,337,347,338,368,286,370,
40,352,153,351,154,375,41,376,
406,320,480,316,481,336,407,340,
284,322,336,319,337,340,285,343,
40,326,154,324,154,345,41,347,
414,288,479,288,479,309,414,309,
281,291,336,292,336,314,281,314,
39,301,137,294,138,315,40,322,
401,260,477,256,478,276,402,280,
43,265,129,265,128,289,42,288,
47,236,333,228,334,253,47,261,
50,208,359,204,360,227,50,231,
48,183,222,182,223,202,48,203,
45,153,387,143,388,166,46,176,
115,121,402,109,403,134,116,145,