33,759,422,752,421,773,34,780,
81,734,374,730,375,749,82,753,
32,689,430,682,431,705,33,712,
100,664,353,660,352,680,100,684,
108,595,349,591,348,612,108,616,
357,569,426,571,426,589,357,587,
31,573,147,572,148,593,32,593,
357,549,425,548,425,565,357,566,
41,553,119,551,119,568,41,570,
356,524,425,526,425,543,356,542,
32,531,164,524,165,544,33,550,
34,508,181,504,182,521,34,525,
355,478,423,479,422,497,354,496,
32,482,227,479,227,499,32,502,
362,435,421,434,421,452,362,453,
215,437,263,436,263,454,215,455,
29,440,152,438,152,455,29,457,
351,414,390,413,391,427,352,428,
276,414,346,413,347,430,277,431,
202,416,273,414,274,430,203,432,
28,418,210,415,211,431,29,434,
363,391,419,390,419,407,363,408,
207,393,262,392,262,410,207,411,
28,395,152,394,152,411,28,412,
27,372,199,371,199,388,27,389,
353,348,418,347,418,360,353,361,
204,349,260,348,261,364,204,365,
27,349,150,350,150,367,28,365,
26,325,243,325,242,345,26,345,
348,298,409,297,410,317,349,318,
193,302,251,301,252,322,194,323,
26,300,104,302,104,324,26,322,
294,258,416,255,417,272,295,275,
25,258,101,260,101,277,25,276,
313,235,408,233,408,249,313,251,
24,234,259,236,258,257,25,254,
146,213,284,212,284,230,146,231,
223,172,334,169,334,186,223,189,
198,146,357,143,358,161,199,164,
27,137,150,145,148,176,25,167,
188,124,370,119,370,136,188,141,
177,97,379,92,379,112,178,117,