106,800,190,799,191,830,108,831,
138,749,218,752,217,779,138,778,
213,725,328,723,328,751,214,753,
210,687,341,686,341,713,210,714,
210,648,351,647,352,675,211,675,
80,620,158,624,157,648,81,644,
262,562,380,561,380,586,262,587,
73,584,185,585,186,612,76,611,
328,543,368,544,369,555,327,554,
68,553,196,557,196,588,72,584,
228,520,365,520,365,542,229,542,
172,519,238,520,238,541,172,539,
239,494,352,496,352,519,239,517,
63,514,176,516,176,541,65,538,
319,472,432,473,432,496,319,497,
277,451,413,451,414,475,276,473,
140,472,253,472,252,494,140,494,
264,427,375,429,374,452,264,450,
343,407,452,409,452,430,343,427,
54,444,274,450,273,473,55,467,
300,384,436,385,436,408,301,406,
166,405,275,404,276,428,167,429,
359,364,466,364,466,384,359,385,
152,383,294,385,293,405,152,404,
330,345,469,344,469,364,330,366,
188,364,288,363,289,383,189,385,
42,380,160,380,160,404,46,403,
361,321,477,322,478,345,361,344,
366,300,427,301,426,322,366,322,
201,322,303,321,304,341,201,342,
36,340,323,341,322,364,40,362,
328,281,423,279,423,302,329,304,
35,324,89,323,90,340,36,341,
394,262,495,263,495,282,394,281,
32,300,373,301,374,324,34,323,
233,262,327,261,327,281,234,282,
53,284,148,284,149,303,53,303,
215,242,491,241,491,261,215,262,
39,264,157,262,158,281,39,284,
375,201,515,200,516,222,375,225,
45,243,210,244,210,263,45,263,
438,181,522,182,521,201,437,200,
226,183,411,179,412,201,227,206,
60,204,259,202,259,222,60,224,
69,184,165,182,165,203,70,204,
217,133,450,132,449,151,218,152,
80,151,521,151,520,174,80,175,
168,106,491,106,492,125,168,126,
345,56,534,55,535,73,345,74,
142,88,529,87,529,106,142,107,
226,73,435,70,435,87,226,91,
374,44,476,39,476,58,375,63,
453,24,486,22,486,35,454,36,