22,577,315,579,314,593,22,591,
58,560,279,562,279,576,58,574,
292,530,319,530,319,541,292,541,
22,527,296,529,296,542,22,540,
74,510,263,511,263,525,74,524,
199,462,320,462,320,476,199,476,
24,461,115,461,115,475,24,475,
25,444,199,444,199,458,25,458,
207,429,319,429,319,442,207,442,
24,426,145,428,144,443,23,441,
80,395,261,395,261,409,80,409,
24,376,110,378,110,393,23,391,
277,364,319,364,319,375,277,375,
29,363,89,363,89,374,29,374,
275,346,320,346,320,360,275,360,
26,346,125,346,125,359,26,359,
26,329,139,329,139,343,26,343,
275,313,320,313,320,327,275,327,
24,311,173,312,173,326,24,325,
276,280,319,280,319,295,276,295,
157,280,201,280,201,294,157,294,
24,280,116,280,116,293,24,293,
24,263,308,263,308,277,24,277,
24,247,114,247,114,260,24,260,
157,246,200,246,200,260,157,260,
274,246,319,244,320,259,275,261,
23,228,266,228,266,245,23,245,
270,212,315,212,315,227,270,227,
24,212,82,212,82,226,24,226,
149,211,195,211,195,226,149,226,
227,179,319,179,319,192,227,192,
24,178,79,178,79,192,24,192,
242,163,313,163,313,174,242,174,
24,161,200,161,200,175,24,175,
113,141,222,142,222,159,113,158,
172,109,261,111,260,128,172,126,
160,93,271,95,271,109,160,107,
25,88,116,90,116,111,24,109,
150,73,281,75,281,91,149,89,
151,54,280,55,280,72,151,71,