229,929,513,931,514,953,229,950,
324,909,434,906,434,928,325,931,
191,875,566,878,566,904,191,900,
172,842,292,843,292,862,172,862,
504,843,569,846,569,866,503,862,
177,812,298,811,299,830,177,831,
507,815,570,816,569,835,506,834,
179,787,271,789,271,807,178,805,
517,787,570,788,569,808,516,807,
179,761,247,762,247,782,179,781,
520,729,566,730,566,750,520,749,
416,727,461,728,461,748,416,747,
188,699,530,701,530,722,187,720,
513,677,562,678,562,694,513,693,
322,672,354,673,354,689,322,688,
418,672,461,673,461,693,418,692,
192,647,498,649,497,667,191,665,
513,623,563,624,562,640,512,639,
324,618,356,619,355,635,323,634,
416,621,461,619,461,638,417,640,
194,591,477,594,477,616,195,612,
201,566,278,570,277,589,200,584,
295,570,390,569,390,587,295,589,
394,571,553,573,552,591,393,589,
285,538,486,543,486,566,284,561,
289,478,477,481,477,499,289,496,
310,451,460,454,459,472,309,469,