28,1247,145,1247,145,1265,28,1265,
135,1243,338,1237,338,1260,135,1265,
45,1220,88,1220,88,1234,45,1234,
146,1204,185,1203,186,1217,147,1219,
298,1196,388,1195,389,1214,298,1214,
145,1182,200,1183,200,1201,145,1200,
141,1164,347,1159,348,1180,142,1185,
143,1147,279,1142,280,1161,143,1165,
143,1128,219,1126,220,1145,144,1146,
549,1151,564,1152,561,1192,547,1191,
141,1108,210,1108,209,1127,142,1126,
141,1063,287,1059,288,1088,141,1093,
142,1039,279,1036,279,1055,143,1058,
141,1020,375,1013,375,1034,141,1041,
141,991,235,990,235,1019,141,1020,
490,1011,570,1010,571,1033,490,1033,
136,965,305,961,307,983,137,987,
136,923,321,921,321,942,137,945,
137,902,301,899,301,919,137,922,
136,862,237,858,239,878,136,881,
486,857,581,857,581,876,486,876,
135,836,396,833,397,856,135,859,
136,816,281,816,281,835,137,835,
516,837,584,837,584,855,516,855,
136,795,250,794,249,814,137,815,
135,773,269,773,269,792,136,791,
511,772,587,774,587,793,512,792,
133,748,292,751,292,772,133,770,
134,729,194,730,194,748,134,748,
449,737,591,721,596,752,454,768,
132,705,356,704,357,726,132,727,
525,707,594,709,593,728,523,726,
133,683,281,684,280,703,134,702,
134,660,225,660,225,680,134,679,
388,669,495,670,495,713,388,712,
507,663,594,660,596,682,507,685,
130,612,193,611,193,633,131,635,
136,598,164,600,164,610,136,608,
518,614,599,615,600,638,519,636,
427,600,456,602,455,611,426,609,
311,591,433,593,433,615,311,613,
539,600,595,604,594,613,539,609,
132,568,304,569,303,592,132,591,
499,572,600,573,600,591,500,590,
132,546,257,546,258,566,133,566,
131,520,293,519,294,541,131,542,
524,524,604,524,603,546,523,546,
131,494,282,497,281,521,130,518,
500,499,605,502,605,524,500,522,
130,471,235,472,235,494,131,493,
524,476,604,478,604,496,524,495,
130,444,304,448,304,470,130,467,
504,452,606,453,605,473,504,472,
126,390,192,392,191,420,125,418,
529,399,613,402,613,426,529,423,
125,369,612,377,612,400,126,392,
124,317,481,322,481,348,123,343,
124,290,433,297,434,323,124,316,
125,266,295,271,294,294,124,289,
124,240,282,245,281,267,123,262,
123,209,210,215,208,239,121,233,
537,217,625,218,624,246,536,245,
126,161,186,165,185,179,125,175,
285,169,348,173,347,182,284,178,
345,168,407,167,407,180,345,181,
282,130,522,137,521,163,281,156,
126,104,211,110,210,124,125,118,
597,118,623,120,623,129,597,127,