233,1228,683,1235,682,1267,233,1261,
56,1160,141,1165,140,1199,54,1194,
774,1135,873,1137,873,1165,774,1163,
58,1115,274,1124,273,1155,57,1146,
61,1077,273,1081,273,1107,61,1103,
778,1090,877,1092,877,1120,778,1118,
62,1029,207,1032,207,1060,62,1057,
60,985,273,985,273,1018,60,1017,
783,998,883,1000,883,1028,783,1026,
404,928,493,930,492,958,403,956,
794,935,888,937,887,964,793,962,
65,870,462,880,461,912,63,903,
391,807,515,813,513,845,390,840,
722,812,893,811,893,843,723,844,
70,730,178,727,179,760,71,764,
71,683,410,687,410,718,71,714,
76,637,363,643,362,675,75,669,
71,515,285,516,285,550,72,549,
643,526,902,528,902,561,644,558,
315,448,660,450,660,487,315,485,
401,330,588,325,589,357,402,362,
279,275,717,279,717,316,278,312,
345,226,655,234,654,266,344,259,