58,781,392,777,392,797,59,801,
101,759,356,758,355,775,102,776,
366,716,396,715,397,730,367,731,
51,717,367,713,368,730,51,734,
116,692,337,692,337,710,116,710,
252,627,396,626,396,643,252,644,
45,631,158,629,159,646,45,648,
45,610,259,605,259,622,46,627,
259,585,394,584,393,601,258,602,
47,589,188,586,188,603,47,606,
279,544,322,543,323,557,280,558,
109,544,278,540,279,557,110,561,
339,520,391,520,391,535,339,535,
38,524,142,523,143,541,38,542,
346,500,390,498,390,513,346,515,
45,503,89,504,88,519,44,518,
330,479,389,477,389,491,330,493,
48,483,116,483,115,497,48,497,
330,458,390,458,390,473,330,473,
43,465,157,462,158,476,44,479,
46,445,184,444,184,458,46,459,
330,419,390,419,389,434,329,434,
47,425,218,424,217,438,47,439,
337,382,389,382,388,397,336,397,
202,385,252,385,251,400,201,400,
47,384,158,386,157,403,46,401,
46,362,277,364,277,385,45,383,
338,345,388,343,389,358,339,360,
202,347,253,347,253,362,202,362,
48,343,158,347,157,364,47,360,
272,327,342,325,342,342,272,344,
49,323,272,325,271,345,49,343,
338,306,389,304,389,318,338,320,
205,308,253,306,253,321,205,323,
51,304,160,308,159,326,49,322,
328,284,372,285,372,300,328,299,
50,285,333,284,333,305,51,306,
338,264,388,262,389,277,339,279,
195,265,255,265,255,283,195,283,
52,266,122,269,122,286,52,283,
281,222,389,221,390,237,281,238,
56,228,121,229,121,247,56,246,
296,199,387,200,387,217,297,216,
56,209,253,201,254,219,57,227,
161,186,287,182,287,196,161,200,
224,151,321,148,322,165,225,168,
218,130,331,126,331,143,218,147,
62,131,163,127,163,152,63,156,
210,107,336,105,337,122,211,124,
226,86,321,87,321,105,226,104,