89,1006,135,1007,135,1015,89,1014,
159,1006,216,1008,216,1019,159,1017,
495,1003,569,1003,570,1026,496,1025,
32,966,200,968,199,994,32,991,
36,931,197,936,196,958,36,953,
512,936,575,938,575,961,512,959,
36,901,151,905,150,923,35,919,
39,864,196,866,195,891,38,888,
37,830,305,833,304,855,37,853,
32,774,204,776,204,798,31,797,
292,779,343,780,342,804,291,803,
497,779,589,778,589,804,497,804,
30,744,142,744,143,770,30,769,
498,745,587,745,587,768,498,769,
32,702,169,701,169,727,31,728,
498,700,588,703,587,725,497,722,
33,670,165,671,165,697,32,695,
48,628,136,630,135,649,47,647,
233,627,280,626,280,645,234,646,
369,626,432,625,432,649,369,649,
507,626,583,625,583,648,507,649,
45,593,198,592,198,617,45,618,
373,594,435,591,435,615,374,617,
43,559,527,560,526,585,43,585,
239,523,286,524,285,544,238,543,
351,521,436,524,435,549,350,546,
496,524,588,522,588,544,496,546,
53,491,413,492,413,515,52,513,
242,454,287,452,287,473,242,474,
365,455,438,454,438,478,364,478,
512,455,589,452,589,474,513,477,
57,422,469,423,468,444,57,443,
357,385,441,386,441,408,357,407,
501,384,590,382,590,405,502,407,
59,353,477,353,477,378,60,378,
69,323,265,325,266,346,69,344,
259,324,309,321,311,341,260,344,
348,321,436,324,436,346,347,343,
425,320,578,316,578,339,425,343,
273,289,397,286,398,313,274,316,
189,249,487,245,488,275,190,279,
52,201,86,202,85,217,51,216,
194,156,478,158,477,183,194,182,
228,113,453,116,453,142,228,138,