9,1209,430,1194,432,1219,10,1233,
11,1172,374,1162,375,1190,11,1201,
14,1112,443,1098,444,1127,13,1140,
44,1076,354,1068,355,1099,45,1106,
21,996,125,991,126,1015,20,1021,
253,989,446,986,446,1010,254,1013,
23,968,208,964,209,988,23,992,
211,964,270,967,268,988,209,984,
25,941,176,939,177,963,23,965,
269,940,445,937,445,961,270,964,
76,884,363,884,362,912,77,912,
30,858,129,858,129,883,28,884,
385,833,457,831,458,855,386,856,
33,806,103,806,103,830,31,830,
377,806,456,806,456,827,377,827,
35,778,161,780,160,805,33,803,
378,781,457,781,458,800,379,800,
36,756,196,756,196,780,35,779,
382,757,459,757,460,776,381,778,
37,734,239,735,238,755,37,754,
381,733,461,734,461,754,381,752,
393,692,459,691,459,710,394,711,
41,666,166,670,166,690,40,686,
224,671,289,675,288,695,223,691,
394,671,460,669,460,691,394,692,
43,644,203,647,203,669,41,666,
193,649,461,650,461,674,192,673,
399,634,458,638,457,653,398,649,
45,601,177,605,177,625,44,621,
232,607,296,611,295,632,231,628,
396,613,460,613,460,634,396,634,
47,579,132,581,132,600,46,599,
48,552,211,558,211,579,47,573,
207,558,297,563,296,583,206,578,
333,561,449,568,448,587,332,580,
410,540,470,543,468,563,409,560,
51,503,185,506,184,527,50,524,
241,505,306,509,305,535,239,531,
409,515,472,516,472,537,409,536,
53,478,141,479,141,501,53,499,
58,452,222,462,221,480,57,470,
224,459,272,462,271,482,223,479,
324,463,458,470,457,490,323,482,
287,461,331,464,330,486,286,483,
60,427,193,433,192,453,60,447,
276,438,314,441,313,458,275,455,
424,442,480,443,479,464,424,464,
65,402,263,414,262,434,63,422,
272,405,458,417,456,449,270,438,
421,393,484,393,485,414,421,414,
258,361,321,365,320,387,257,383,
67,350,203,358,202,378,65,370,
424,371,486,369,487,390,425,392,
68,319,474,345,471,374,65,349,
266,308,328,317,325,338,262,329,
73,295,209,306,206,328,72,317,
427,319,494,318,495,343,428,345,
245,282,476,293,475,322,243,311,
75,267,256,284,254,305,73,288,
262,257,337,262,336,288,260,283,
434,270,497,269,498,290,435,291,
78,242,165,250,163,271,76,263,
371,218,503,220,504,244,371,242,
83,194,168,205,164,228,80,218,
84,170,341,188,339,213,82,196,
394,194,505,195,505,218,393,218,
222,155,383,165,382,188,220,179,
308,113,432,120,431,143,307,136,
269,80,474,93,472,121,268,108,
97,66,234,74,232,108,95,100,
296,52,457,65,454,91,295,78,
330,24,429,37,426,62,326,50,