271,1062,795,1057,795,1093,272,1097,
801,944,953,941,954,980,802,983,
112,953,390,952,390,996,112,996,
442,879,566,876,567,913,443,916,
823,869,952,866,953,906,824,909,
108,825,608,815,609,854,109,864,
801,746,947,743,947,778,802,781,
433,753,575,750,576,785,434,788,
104,693,304,699,303,738,102,732,
431,633,566,630,567,670,432,673,
755,625,941,617,943,655,757,664,
680,496,939,491,939,526,680,531,
97,497,319,495,319,530,97,532,
333,427,703,423,704,458,333,462,
312,307,720,305,720,332,311,333,
96,254,925,255,925,285,96,284,
310,195,715,198,714,232,309,229,