12,560,245,560,245,581,12,581,
406,556,568,561,568,579,406,575,
481,501,572,498,573,527,482,529,
268,502,323,502,323,528,268,528,
2,499,166,497,166,522,2,524,
2,459,123,465,122,494,1,488,
479,461,570,461,570,486,479,486,
2,425,88,425,88,454,2,454,
315,378,402,378,402,402,315,402,
467,377,558,377,558,401,467,401,
199,379,243,379,243,397,199,397,
0,336,427,341,427,369,0,363,
326,304,397,304,397,326,326,326,
475,302,550,302,550,324,475,324,
198,301,245,301,245,323,198,323,
0,258,518,264,517,298,0,291,
297,234,529,229,530,257,298,261,
152,229,263,232,262,256,152,254,
8,223,119,231,118,253,7,245,
128,182,430,188,430,227,127,220,
137,99,410,107,410,137,136,130,
167,65,383,70,383,98,167,92,