47,813,410,821,409,848,46,840,
91,793,362,799,362,822,92,816,
45,749,414,757,413,784,45,776,
107,728,343,733,343,757,107,751,
260,670,411,675,410,692,259,687,
47,670,162,668,162,688,47,690,
214,648,259,647,260,665,215,666,
49,650,219,647,220,664,48,667,
269,627,408,632,409,649,268,645,
48,628,193,626,193,644,47,646,
282,584,337,587,336,605,282,602,
115,582,290,584,291,604,115,602,
47,563,150,564,150,582,46,581,
352,545,407,547,407,564,351,562,
55,545,126,543,127,560,56,562,
350,524,405,525,405,544,349,542,
47,523,167,520,167,537,47,540,
345,505,398,506,397,521,344,520,
48,503,184,501,184,518,47,520,
349,484,404,483,405,500,350,501,
48,482,225,481,226,498,48,499,
349,441,403,442,404,460,349,459,
205,442,258,443,258,461,205,460,
47,444,156,443,157,458,47,459,
46,423,217,422,217,439,45,440,
46,402,378,401,377,419,45,420,
348,382,402,381,403,398,349,399,
206,384,256,383,257,399,207,400,
46,381,155,383,156,400,46,399,
201,361,379,360,378,377,201,379,
45,360,200,363,200,380,44,377,
348,341,400,340,401,355,349,356,
346,319,402,318,402,335,346,336,
202,319,255,318,255,336,202,337,
43,319,154,321,154,338,42,336,
43,300,273,298,273,315,42,317,
339,276,392,275,393,293,340,294,
194,277,247,276,248,294,195,295,
43,278,114,278,114,296,43,296,
286,237,398,235,399,252,287,254,
42,241,108,240,109,254,43,255,
304,217,390,215,390,229,304,231,
42,217,253,217,253,234,41,234,
151,195,279,195,279,213,151,213,
219,155,325,153,325,170,219,172,
204,132,341,132,342,149,205,150,
42,129,153,130,153,158,42,157,
192,109,352,109,352,127,192,127,
211,87,332,85,333,102,212,104,