318,1059,594,1047,595,1073,320,1086,
324,1034,469,1033,469,1057,324,1059,
328,1011,403,1010,403,1034,328,1034,
332,988,405,988,405,1008,331,1008,
318,962,626,954,627,977,319,985,
324,933,355,935,354,946,323,944,
314,913,381,913,381,933,315,933,
483,925,590,923,590,937,483,940,
582,922,692,918,693,938,583,941,
499,911,576,907,577,925,500,928,
643,907,720,904,720,920,643,923,
319,866,385,865,386,885,320,886,
317,889,723,880,723,904,317,912,
498,862,579,859,580,882,499,885,
646,859,722,857,724,880,647,883,
318,838,727,833,727,860,318,865,
319,817,389,816,390,839,319,841,
503,812,584,812,584,835,502,836,
650,813,726,817,724,837,649,833,
320,788,729,786,729,816,320,818,
347,770,433,772,433,791,347,789,
594,765,673,765,672,789,593,788,
324,742,396,743,395,766,324,765,
506,743,588,742,588,766,505,766,
643,743,729,745,729,769,642,766,
327,720,618,721,618,743,327,742,
624,723,728,721,729,744,625,745,
352,696,496,696,495,720,353,719,
485,697,619,699,618,721,485,719,
624,700,685,700,684,721,623,721,
356,673,442,678,440,698,354,693,
333,647,402,648,402,671,333,670,
504,651,594,656,593,679,503,674,
645,654,734,656,734,679,645,677,
336,623,647,631,646,654,335,645,
649,631,705,635,703,655,648,651,
338,601,406,602,406,625,338,624,
506,606,597,608,597,632,506,630,
650,610,732,615,730,639,649,634,
341,577,490,583,489,606,341,599,
496,581,734,592,733,615,495,605,
346,554,410,558,408,579,345,575,
509,561,599,565,597,585,508,581,
647,567,735,572,734,591,645,586,
344,528,660,543,660,569,344,553,
367,509,452,514,451,535,365,530,
603,520,687,525,686,545,602,540,
416,491,453,493,452,506,415,504,
515,494,603,499,601,519,514,514,
350,484,415,488,414,508,349,504,
656,502,740,507,739,526,654,520,
350,458,746,482,744,508,348,484,
520,449,603,454,602,473,519,468,
662,457,743,462,742,482,661,477,
353,436,416,440,415,460,352,456,
350,409,748,435,745,462,348,436,
614,407,693,414,691,436,613,428,
373,386,461,397,458,420,370,409,
672,390,748,395,747,415,671,410,
530,378,609,385,607,405,528,398,
354,361,422,368,420,392,351,385,
355,338,744,371,741,394,352,362,
637,319,752,326,751,349,635,342,
359,291,565,311,563,335,356,314,
653,299,752,308,751,327,652,318,
506,282,665,299,662,323,503,305,
363,271,446,276,445,296,362,291,
364,233,745,273,742,296,362,255,
483,225,684,248,682,267,481,243,
433,190,711,228,709,247,430,209,
659,194,697,198,695,210,658,205,
564,177,642,192,640,205,561,190,
405,165,716,214,712,236,401,187,
658,176,690,182,687,194,656,188,
479,162,565,176,562,192,477,178,
542,166,567,168,566,175,541,173,
402,135,513,153,510,169,399,149,