117,950,542,938,543,967,118,979,
37,900,113,902,112,933,35,930,
487,886,624,877,626,906,489,915,
37,858,208,855,209,884,38,888,
485,841,622,832,624,861,487,870,
30,766,187,761,188,798,31,803,
441,750,612,745,613,775,442,780,
103,715,162,717,161,740,102,738,
533,700,615,697,616,721,533,724,
288,707,374,704,374,730,288,733,
49,684,213,677,214,703,50,710,
107,647,164,650,162,673,105,670,
271,642,372,639,372,664,271,667,
510,633,611,630,612,656,511,659,
52,617,162,614,162,639,52,642,
490,571,606,568,607,593,491,596,
251,581,369,574,370,599,252,606,
107,581,166,583,165,609,105,607,
54,551,234,547,234,572,53,576,
257,489,583,482,582,504,257,511,
39,493,165,494,165,516,38,515,
255,456,581,449,580,473,255,480,
39,457,182,457,182,482,38,484,
253,424,371,423,370,446,253,447,
40,428,174,428,173,450,40,450,
252,390,372,389,371,414,252,415,
39,393,208,391,208,417,39,419,
38,355,121,359,119,388,37,385,
253,322,538,315,539,339,254,346,
39,321,209,324,207,354,38,350,
253,289,594,282,595,307,254,314,
37,289,171,293,170,318,36,315,
112,239,581,227,582,273,113,285,
258,178,414,179,414,205,258,204,
374,140,616,132,616,154,374,162,
31,139,371,136,372,164,31,167,
405,50,583,46,584,106,406,109,
198,53,375,55,375,119,197,117,