172,1337,442,1326,443,1346,172,1357,
106,1253,335,1245,336,1265,106,1273,
392,1223,461,1221,461,1241,392,1243,
104,1229,266,1225,266,1249,105,1253,
300,1206,376,1207,376,1229,300,1227,
106,1216,143,1215,144,1232,107,1233,
219,1211,259,1210,260,1228,220,1229,
439,1165,512,1162,512,1185,439,1188,
290,1169,384,1166,385,1190,291,1193,
103,1171,247,1169,246,1191,103,1193,
98,1154,259,1152,259,1172,99,1174,
255,1114,341,1111,342,1135,256,1138,
113,1113,241,1111,241,1135,113,1137,
274,1090,379,1090,379,1114,274,1114,
112,1093,179,1091,180,1117,113,1119,
385,1048,481,1045,481,1070,385,1073,
384,1004,479,1006,479,1031,383,1029,
90,1006,188,1009,187,1038,89,1036,
410,961,495,963,495,989,408,987,
147,966,256,965,255,989,146,990,
95,906,188,908,187,929,94,928,
395,884,489,884,490,908,395,908,
245,886,308,884,309,911,246,913,
96,890,225,889,226,909,97,909,
97,836,188,836,188,857,98,857,
391,812,485,809,486,833,392,836,
95,816,222,815,223,835,95,836,
89,764,188,760,188,779,89,783,
390,735,484,736,484,761,390,761,
255,741,299,739,300,760,256,762,
87,742,216,740,216,760,88,762,
80,680,162,680,162,702,79,701,
385,655,483,652,484,676,386,679,
78,659,209,659,209,678,79,679,
415,609,491,609,491,636,415,635,
285,614,359,611,360,636,286,639,
72,615,188,614,188,640,72,641,
70,573,147,573,147,597,70,597,
382,548,480,545,481,570,383,573,
248,553,305,551,306,572,249,574,
69,552,205,550,205,574,69,576,
69,492,152,489,153,513,70,516,
381,463,477,460,478,484,382,487,
70,473,200,468,201,492,71,497,
217,468,283,461,286,486,220,494,
67,410,143,411,142,436,67,436,
67,394,199,384,200,408,69,418,
378,375,475,372,476,397,379,400,
68,333,142,330,142,352,68,355,
65,312,279,294,282,324,68,342,
372,288,472,285,473,309,373,312,
171,266,353,249,355,273,174,290,
183,243,345,228,347,252,184,267,
123,228,416,200,419,230,125,258,
143,209,382,187,385,211,146,233,
152,189,373,166,375,190,154,213,
220,163,281,156,282,176,223,184,
170,138,336,121,339,146,173,164,
263,81,329,79,330,111,264,113,