16,950,498,1004,493,1046,11,992,
23,870,705,949,698,1007,16,927,
31,821,397,852,394,895,26,863,
45,754,299,770,297,803,42,787,
399,775,726,809,723,845,395,811,
52,709,283,726,281,758,50,742,
398,730,476,735,473,772,395,767,
59,669,220,682,217,712,57,699,
64,630,241,641,240,671,62,660,
386,564,494,567,493,605,385,602,
675,572,799,576,797,616,673,612,
396,516,493,519,492,550,396,547,
90,474,230,473,230,503,90,503,
671,519,790,519,790,558,669,557,
359,472,489,470,489,500,359,501,
98,423,236,426,236,459,96,456,
104,383,207,378,208,414,102,418,
683,467,781,468,781,503,683,502,
661,413,776,411,777,443,662,445,
131,308,157,308,157,319,131,320,
150,304,206,302,207,322,151,322,
113,335,368,326,369,350,114,359,
202,302,374,293,375,315,203,324,
125,267,232,263,233,286,125,291,
504,315,584,310,585,338,505,342,
517,281,581,278,582,304,518,305,
668,306,755,303,756,331,668,333,
676,272,749,270,750,293,677,296,
395,235,750,218,751,259,398,275,
210,196,623,179,625,224,212,241,
177,109,279,107,280,133,178,134,
216,134,414,117,416,146,218,163,
259,166,570,140,572,174,261,200,
308,104,364,98,365,114,309,120,
315,54,431,50,432,81,316,85,
580,106,702,97,704,119,582,129,