220,913,377,918,377,942,219,937,
35,870,576,894,575,917,34,893,
506,845,587,848,586,872,505,869,
5,822,169,831,168,854,4,845,
279,800,331,802,330,824,278,822,
499,807,594,811,593,835,498,831,
11,785,176,792,175,813,10,806,
8,750,135,760,134,784,6,774,
503,769,598,774,597,798,502,793,
9,717,101,724,99,752,8,745,
210,685,256,687,256,706,209,704,
350,685,430,688,428,713,349,710,
521,691,603,695,602,720,519,716,
13,639,574,655,573,682,12,666,
367,604,437,607,436,636,366,633,
528,610,613,614,612,639,527,635,
18,562,418,570,418,594,17,586,
211,523,262,521,263,544,212,546,
357,521,441,525,439,553,355,549,
531,525,618,525,619,553,530,553,
20,482,495,485,495,513,20,510,
218,439,267,441,266,464,217,462,
360,440,443,440,443,468,360,468,
536,443,621,441,622,467,536,469,
26,401,387,403,387,429,25,427,
219,358,271,357,272,382,219,383,
363,356,446,357,447,386,363,386,
539,357,624,356,625,382,539,384,
28,320,397,320,397,347,28,347,
365,276,450,274,451,302,366,305,
541,272,629,273,628,301,540,300,
31,241,576,236,576,263,31,268,
34,204,144,205,144,230,33,228,
243,200,299,199,298,225,243,226,
343,198,444,199,443,227,341,226,
473,200,610,198,610,222,474,224,
157,153,500,152,500,189,157,190,
175,76,481,74,481,97,175,99,
210,43,451,44,452,64,210,63,