251,1034,769,1018,770,1055,253,1072,
90,929,376,919,378,968,91,978,
794,913,922,906,924,944,796,951,
424,851,547,845,549,885,426,891,
792,840,919,834,921,873,794,879,
90,799,480,795,480,829,90,833,
791,722,914,719,914,754,791,757,
420,725,544,723,544,765,421,767,
82,673,587,670,587,711,82,714,
413,610,544,611,544,650,412,649,
725,606,905,594,907,632,728,644,
650,485,902,471,904,504,652,518,
82,477,304,477,304,515,82,514,
317,414,675,415,674,452,317,450,
296,302,689,302,689,330,297,330,
82,247,893,245,894,286,82,288,
293,193,682,195,681,227,293,226,