97,1292,747,1274,748,1307,98,1324,
192,1242,676,1231,677,1264,193,1276,
97,1159,754,1138,755,1176,98,1197,
225,1109,641,1097,643,1135,226,1147,
101,1003,312,997,313,1026,102,1033,
494,993,748,990,748,1014,494,1017,
100,961,505,950,505,983,100,993,
105,921,371,918,371,946,106,949,
512,915,746,915,746,939,512,939,
234,834,625,831,625,865,234,868,
108,797,295,797,295,827,108,827,
130,760,250,760,250,786,130,786,
656,758,746,758,746,783,656,783,
116,718,331,721,331,751,115,748,
654,720,744,720,744,745,654,745,
121,684,374,684,374,708,121,708,
651,646,741,646,741,672,651,672,
121,642,434,645,434,675,121,672,
123,573,314,573,314,597,123,597,
649,567,741,571,740,600,648,597,
402,569,495,569,495,599,402,599,
120,531,481,534,481,563,120,560,
668,497,746,497,746,522,668,522,
121,497,313,497,313,521,121,521,
415,493,494,493,494,522,415,522,
601,458,658,458,658,484,601,484,
116,452,521,454,521,487,116,486,
387,417,495,417,495,448,387,448,
115,411,244,416,243,450,114,445,
659,409,755,413,754,448,657,445,
554,338,755,338,755,366,554,366,
114,334,240,334,240,368,114,368,
588,300,755,300,755,320,588,320,
110,296,495,293,495,322,110,325,
318,258,562,259,562,287,318,286,
447,193,629,193,629,223,447,223,
431,145,648,148,648,183,431,180,
116,129,323,137,321,192,113,184,
397,103,684,107,683,142,397,138,
462,59,621,64,620,99,461,94,