130,669,347,686,345,720,127,703,
168,645,323,662,321,687,166,671,
100,613,392,631,389,672,98,653,
282,592,445,613,443,634,279,613,
29,569,182,562,183,583,30,589,
395,578,449,582,447,603,394,599,
33,540,188,537,189,558,33,562,
389,547,450,552,448,574,387,569,
36,510,165,510,165,537,36,537,
377,516,447,521,445,544,375,539,
42,459,167,460,167,478,42,477,
404,462,449,462,450,484,404,484,
47,430,151,432,151,450,46,448,
55,402,87,405,86,420,54,417,
398,434,448,433,448,452,399,454,
79,400,174,402,173,422,79,420,
308,406,359,405,360,423,308,424,
399,401,447,399,448,423,400,424,
55,372,159,377,157,394,54,389,
276,378,362,377,362,396,276,397,
55,348,106,352,104,370,53,366,
371,377,444,372,446,390,372,395,
132,349,345,353,344,378,132,374,
55,322,329,330,328,357,54,349,
61,302,121,307,119,324,59,319,
139,309,179,312,178,327,137,324,
234,312,336,309,338,329,235,333,
158,270,360,268,360,299,158,301,
182,252,342,248,342,272,182,275,
176,230,347,225,347,252,176,257,
151,205,371,201,371,232,152,237,
190,192,338,185,339,210,191,216,
171,134,337,139,336,178,169,174,