241,878,495,880,495,897,241,895,
325,857,423,860,423,878,325,876,
211,833,541,833,541,851,211,851,
487,801,543,801,543,816,487,816,
187,802,296,798,297,816,188,821,
485,775,545,775,545,794,485,794,
193,776,301,772,301,790,194,794,
195,753,276,753,276,771,195,771,
493,748,545,751,544,770,492,768,
195,731,255,731,255,750,195,750,
492,700,540,700,540,716,492,716,
399,699,445,699,445,715,399,715,
201,677,462,674,463,692,201,696,
488,649,539,649,539,668,488,668,
398,650,444,650,444,666,398,666,
201,629,510,625,511,643,201,648,
208,608,280,608,280,623,208,623,
290,605,526,605,526,620,290,620,
281,577,467,577,467,598,281,598,
286,523,456,523,456,538,286,538,
305,497,441,497,441,512,305,512,
313,187,355,187,355,206,313,206,