119,762,409,762,409,781,119,782,
160,696,343,694,343,721,160,723,
22,645,141,641,141,662,22,666,
417,603,475,602,475,620,417,621,
19,602,91,604,90,626,19,624,
381,561,474,560,475,584,382,585,
19,568,208,567,208,588,20,589,
49,525,87,524,87,539,49,540,
272,494,331,493,331,510,272,511,
49,495,156,498,155,518,48,515,
416,491,472,490,472,508,416,509,
54,477,170,475,170,492,54,493,
82,428,158,430,158,448,81,446,
91,380,201,380,201,397,91,397,
14,381,99,380,99,397,14,398,
15,351,286,346,286,362,16,367,
14,319,134,318,134,335,14,336,
175,285,302,283,302,300,175,302,
117,249,366,246,367,267,118,270,
153,214,328,214,327,234,153,235,
164,188,317,188,318,211,165,210,
28,165,454,161,453,184,28,188,
39,93,438,89,439,124,40,128,