230,778,446,781,446,803,230,801,
188,752,317,752,317,771,187,770,
452,754,512,755,511,773,451,772,
190,727,327,731,327,746,190,742,
188,700,263,705,263,724,188,719,
450,705,512,706,512,724,450,723,
190,680,299,680,298,698,189,699,
365,682,412,681,412,697,365,698,
463,684,512,685,511,701,462,700,
192,659,276,659,276,677,193,677,
362,661,408,662,408,678,362,677,
455,663,511,664,511,679,455,678,
193,637,278,637,278,655,194,655,
361,640,409,638,409,654,362,656,
456,640,512,641,512,658,456,657,
195,611,264,615,263,633,193,629,
429,615,512,614,512,632,428,633,
204,592,410,591,409,609,204,610,
207,569,430,573,430,591,207,587,
208,550,336,552,335,567,207,565,
208,526,451,529,452,547,208,544,
259,505,462,507,461,526,259,524,