192,863,619,854,620,883,192,892,
329,823,493,822,492,852,329,852,
143,783,681,774,681,803,142,812,
607,724,683,720,685,746,609,751,
103,728,289,724,290,749,104,753,
605,685,679,683,680,706,606,708,
116,690,252,692,251,722,116,720,
119,657,219,659,218,685,118,683,
592,602,668,600,669,627,593,629,
447,606,517,605,517,629,447,630,
323,608,366,607,366,628,323,629,
134,574,599,566,599,595,134,603,
443,534,514,533,514,556,443,557,
586,530,660,525,661,549,586,554,
322,536,365,535,365,555,322,556,
136,500,644,492,645,524,136,532,
277,469,642,456,644,488,279,501,
148,467,282,474,281,497,147,489,
261,426,544,424,544,457,262,459,
268,349,525,349,526,371,269,371,
297,313,500,313,500,336,296,335,