23,568,359,581,358,598,22,585,
68,551,317,561,316,575,67,565,
26,511,368,523,369,540,25,528,
84,493,300,501,300,518,84,510,
92,437,303,443,302,463,92,457,
32,417,130,422,129,439,31,434,
321,426,375,428,374,445,320,443,
40,401,106,404,106,418,40,415,
319,407,373,407,374,423,320,422,
33,379,146,383,146,400,33,396,
320,387,376,389,375,407,320,405,
36,363,162,368,161,382,35,377,
38,343,202,350,201,364,37,357,
320,349,377,347,377,364,320,366,
35,303,140,309,140,325,34,318,
184,311,237,310,237,328,185,329,
322,312,377,309,378,327,323,330,
36,281,254,291,253,311,35,301,
180,271,232,273,231,291,179,289,
37,263,106,269,104,287,36,280,
316,274,371,270,373,288,317,292,
40,226,105,231,103,248,38,243,
268,235,380,233,380,251,268,253,
40,205,242,217,241,238,38,225,
285,218,372,215,373,232,286,235,
143,194,265,198,265,216,143,212,
211,164,312,162,312,179,211,181,
179,139,344,140,344,160,179,161,
49,124,151,136,148,161,46,149,
209,120,319,120,319,138,209,138,
183,100,345,96,345,117,184,121,