67,875,541,865,541,883,68,893,
126,841,485,837,486,858,127,863,
64,790,552,783,553,805,64,812,
148,760,458,757,458,779,147,782,
159,678,454,674,454,696,158,700,
63,653,204,650,205,672,64,675,
480,621,551,620,551,639,480,640,
72,625,169,623,169,645,72,647,
479,594,551,593,552,612,480,613,
61,597,226,596,226,618,61,619,
62,569,249,567,249,589,62,590,
478,539,549,538,550,557,479,558,
61,542,304,540,305,562,61,564,
478,484,549,483,549,505,478,506,
280,489,350,486,351,506,281,509,
58,491,211,490,210,508,57,509,
54,462,455,456,456,480,55,486,
476,428,548,427,548,450,476,451,
280,432,351,430,351,452,280,454,
56,436,211,433,211,454,56,457,
382,404,431,403,432,423,383,424,
217,400,387,402,387,427,217,426,
54,408,200,403,201,425,56,430,
463,373,538,368,539,394,464,399,
265,372,340,373,339,400,264,399,
55,375,153,375,152,401,54,400,
394,321,545,318,546,340,395,343,
55,324,148,322,149,340,56,342,
416,293,534,290,534,312,416,315,
53,291,349,290,349,315,52,316,
205,261,382,263,382,288,205,286,
302,212,445,213,445,238,302,236,
271,180,470,184,469,210,271,206,
56,175,209,177,209,215,55,213,
248,150,498,152,497,177,248,176,
294,115,452,118,452,147,294,144,