269,1197,744,1202,744,1242,269,1237,
136,1098,384,1102,383,1147,134,1144,
746,1103,884,1104,884,1144,746,1143,
442,1029,535,1032,534,1069,441,1066,
767,1028,882,1032,881,1071,766,1067,
144,970,525,972,526,1006,144,1004,
441,904,537,903,537,944,442,945,
763,907,875,911,874,946,762,942,
153,849,568,850,568,886,153,884,
445,787,538,787,538,824,446,824,
756,789,868,789,868,824,756,825,
160,731,650,734,649,771,160,768,
428,678,536,676,537,710,429,712,
749,677,861,676,861,712,749,712,
169,620,761,629,761,664,168,654,
452,568,539,571,538,607,451,604,
731,573,853,577,852,607,730,603,
176,509,538,524,537,558,175,543,
438,466,551,464,552,505,439,507,
695,470,843,468,844,504,696,506,
638,364,838,370,837,400,637,394,
184,350,360,355,360,383,184,378,
373,297,659,308,658,338,371,327,
361,202,673,217,672,243,360,228,
202,157,825,187,824,215,201,185,
365,123,670,138,668,166,363,151,