391,1184,551,1183,551,1210,392,1213,
200,1191,359,1181,361,1215,202,1225,
172,1107,364,1101,366,1135,173,1142,
322,1036,758,1037,757,1076,322,1074,
96,1003,229,1001,230,1034,97,1037,
806,960,898,958,897,988,805,990,
92,962,241,962,240,991,93,992,
761,854,887,855,886,890,761,888,
87,857,398,850,399,888,88,894,
788,747,891,749,891,781,788,780,
594,745,692,746,692,778,592,777,
93,749,281,746,281,781,93,784,
790,688,885,688,886,723,790,723,
609,689,690,689,690,721,609,721,
227,687,356,689,355,724,227,722,
76,633,339,630,339,665,76,668,
792,576,880,576,880,612,792,612,
476,581,586,579,587,614,476,617,
241,577,321,580,321,613,241,611,
70,580,209,579,209,613,71,613,
708,529,874,526,875,560,709,563,
472,528,566,529,565,570,472,569,
64,527,183,529,182,564,64,562,
469,482,632,484,632,517,469,516,
233,482,353,486,351,522,233,519,
531,397,663,399,663,454,530,452,
258,400,530,404,530,452,257,447,
510,349,603,350,603,381,510,380,
304,342,524,347,524,381,303,376,
569,303,682,299,683,334,570,338,
376,301,567,304,566,339,375,336,
218,296,376,302,375,336,217,331,
411,186,740,180,741,245,412,251,
134,167,447,169,446,250,134,246,