83,598,252,596,252,619,83,621,
559,596,630,596,630,617,559,617,
83,567,200,567,200,588,83,588,
559,563,632,563,632,588,559,588,
82,540,279,537,279,559,82,563,
549,536,631,536,631,560,549,560,
84,512,236,512,236,532,84,532,
550,511,630,511,630,531,550,531,
82,466,218,464,218,487,82,489,
550,467,629,467,629,484,550,484,
87,429,149,429,149,453,87,453,
558,416,631,416,631,438,558,438,
387,414,458,412,459,436,388,439,
90,402,244,402,244,423,90,423,
557,360,629,360,629,385,557,385,
390,360,450,360,450,385,390,385,
140,360,235,360,235,385,140,385,
44,311,187,314,187,340,43,338,
44,281,232,283,231,310,43,308,
44,249,620,250,620,276,43,275,
137,176,527,179,527,205,136,202,
114,128,551,128,551,161,114,161,