75,729,219,726,221,760,76,760,
14,689,177,694,178,729,13,725,
391,794,649,778,654,836,399,832,
22,649,147,647,148,684,23,686,
586,726,669,727,669,764,586,763,
585,684,678,684,678,719,585,718,
592,641,686,640,687,674,593,675,
60,542,266,536,268,571,62,577,
452,563,532,562,533,589,452,590,
319,483,373,484,373,510,319,509,
606,554,695,553,696,582,606,584,
297,518,673,498,677,553,301,572,
117,407,249,411,249,440,116,436,
487,475,552,476,552,505,487,504,
635,463,714,469,711,503,632,498,
360,404,417,404,418,431,360,431,
87,439,691,428,692,480,89,492,
462,401,559,401,558,430,462,428,
100,294,166,298,165,324,97,321,
584,399,708,396,709,421,584,424,
272,346,617,346,618,392,273,392,
313,251,621,262,620,293,312,282,
359,214,604,221,603,247,359,240,