68,611,415,627,414,645,67,628,
356,596,420,600,419,617,355,613,
357,572,421,574,420,593,356,590,
41,585,149,586,149,604,41,602,
215,568,254,569,253,588,214,587,
358,549,420,549,421,568,358,567,
43,561,153,563,153,581,44,579,
42,540,118,543,117,561,41,558,
357,517,420,518,420,536,358,535,
41,511,122,516,120,534,39,529,
36,487,101,490,101,511,35,509,
361,461,415,461,415,481,361,480,
263,461,307,460,307,479,263,480,
39,435,306,435,306,455,39,455,
359,406,412,407,412,426,359,425,
252,406,304,406,304,425,252,425,
36,383,298,379,299,401,36,404,
356,351,409,352,409,370,356,370,
258,355,302,352,303,370,259,373,
34,355,95,355,95,372,34,372,
257,326,302,326,302,345,257,345,
33,328,124,329,124,350,33,349,
32,304,291,300,291,322,33,325,
350,271,404,270,404,289,350,290,
244,272,299,271,299,292,244,293,
30,254,355,246,357,266,32,275,
346,217,401,214,402,236,347,239,
243,220,295,220,295,239,243,239,
28,204,301,194,302,214,30,224,
221,173,386,166,387,186,222,193,
125,176,227,172,228,190,126,194,
36,176,106,177,106,197,36,197,
110,146,315,140,317,163,112,169,
114,91,303,82,304,100,115,109,
132,64,282,59,283,77,133,83,