82,903,621,900,621,941,83,943,
264,865,468,865,469,900,264,899,
21,802,712,804,712,848,21,846,
349,741,417,742,416,774,348,773,
13,732,211,736,210,765,12,761,
625,741,722,739,722,773,626,775,
10,681,160,691,158,724,8,714,
624,689,723,691,722,725,623,723,
8,637,122,642,120,677,7,672,
260,583,316,584,316,609,260,608,
420,583,514,585,514,615,420,613,
616,584,713,586,712,620,615,618,
20,536,542,539,542,572,19,569,
30,487,163,494,161,521,29,514,
393,492,503,495,502,525,392,522,
283,491,344,492,343,520,282,519,
537,491,688,491,689,520,537,521,
179,430,562,432,562,479,178,477,
195,322,542,328,541,361,194,355,
234,273,510,281,509,310,233,302,