28,842,393,845,393,862,28,859,
74,821,349,823,349,840,74,838,
30,779,402,780,401,797,29,796,
93,756,330,758,331,775,93,773,
28,691,147,691,148,709,28,710,
252,691,405,692,405,709,252,708,
31,668,253,666,253,686,30,689,
31,647,183,647,183,665,31,665,
261,648,406,647,406,664,262,665,
102,601,333,600,334,621,102,622,
31,580,142,578,142,600,30,601,
343,581,409,583,408,600,342,598,
40,558,89,559,89,578,40,577,
362,560,407,561,407,577,362,576,
41,536,117,538,117,556,41,554,
344,536,408,538,407,555,343,553,
36,514,161,514,161,532,36,532,
344,515,407,517,407,534,344,532,
36,493,178,493,179,510,36,510,
337,495,400,496,400,510,337,509,
37,470,224,471,223,489,36,488,
345,472,409,474,408,491,344,489,
36,430,153,431,153,445,35,444,
205,430,261,431,260,448,204,447,
354,429,411,430,410,448,353,447,
33,404,412,406,412,427,33,424,
347,384,411,386,410,403,346,401,
37,362,156,365,156,379,37,376,
198,363,262,365,262,382,198,380,
348,362,411,363,411,381,348,380,
36,337,219,341,219,358,36,354,
36,315,332,320,331,338,36,333,
36,292,112,296,112,314,36,310,
197,293,256,295,256,316,197,314,
347,296,405,295,406,317,348,317,
37,248,111,253,111,271,37,266,
297,253,414,253,414,272,297,271,
40,227,264,232,263,250,39,245,
315,231,406,231,406,249,314,250,
157,207,291,208,291,226,157,225,
232,166,339,167,340,185,232,184,
210,143,363,146,363,163,210,160,
43,132,162,137,161,165,42,160,
200,118,376,122,375,139,199,135,
191,92,385,93,385,114,191,112,