67,627,381,630,381,647,67,644,
170,612,292,614,291,629,169,627,
21,580,441,589,441,610,21,601,
384,552,449,555,448,576,384,573,
1,546,126,549,126,568,1,564,
377,526,450,526,450,544,377,544,
207,522,252,522,252,544,207,544,
0,515,129,519,129,539,0,535,
379,496,449,496,449,515,379,515,
2,489,97,494,96,515,1,510,
1,463,67,465,67,487,0,485,
384,428,447,428,447,450,384,450,
258,427,320,427,320,449,258,449,
151,427,189,427,189,446,151,446,
0,397,408,400,408,420,0,417,
380,365,444,365,444,387,380,387,
257,365,318,365,318,383,257,383,
152,363,191,363,191,382,152,382,
4,340,142,340,142,354,4,354,
134,337,402,337,402,357,134,357,
377,306,438,306,438,324,377,324,
256,305,316,305,316,323,256,323,
155,304,191,304,191,322,155,322,
7,279,418,277,418,298,7,300,
255,247,315,247,315,269,255,269,
372,246,433,246,433,268,372,268,
10,225,372,220,372,240,10,245,
19,196,101,200,101,218,18,214,
119,195,419,190,419,214,120,220,
108,164,340,161,341,185,108,188,
114,100,327,98,327,115,114,117,
135,67,308,67,308,84,135,84,