108,759,200,768,199,781,106,774,
106,745,186,751,185,765,105,758,
104,727,185,733,183,747,103,742,
102,713,158,716,158,727,102,725,
349,667,403,671,402,689,348,685,
100,695,243,702,242,719,99,712,
97,678,237,685,237,699,97,692,
345,642,404,647,403,666,344,660,
351,621,404,624,404,642,350,639,
85,649,168,651,168,666,85,664,
351,594,405,595,404,613,350,612,
85,628,172,630,171,644,85,642,
83,609,138,609,139,626,83,626,
80,584,142,586,143,603,79,601,
356,545,402,545,403,563,356,564,
78,568,126,568,126,583,78,583,
260,541,300,543,300,561,259,559,
350,496,403,495,403,513,350,514,
75,520,359,520,358,540,75,540,
257,496,297,495,297,513,257,514,
350,446,404,443,405,461,350,463,
69,477,379,470,379,490,70,497,
254,447,297,446,297,466,254,466,
66,455,116,453,116,468,66,470,
254,424,297,422,297,441,254,443,
64,434,137,431,138,448,65,451,
63,413,314,399,314,417,63,431,
347,370,401,363,403,380,349,387,
250,376,294,373,295,391,250,394,
60,391,132,386,133,401,62,405,
249,351,293,347,294,367,250,371,
57,369,131,363,132,380,59,386,
54,346,375,313,377,336,57,369,
341,288,400,280,402,300,344,307,
237,301,290,294,292,314,240,321,
49,298,386,254,389,277,52,322,
130,266,221,255,223,271,132,283,
52,274,115,269,116,286,53,291,
221,253,300,242,302,260,223,270,
291,240,385,224,388,244,294,259,
114,234,312,201,316,227,119,260,
111,166,300,130,304,152,116,189,
125,131,280,99,285,122,130,154,