275,756,687,684,691,711,279,783,
427,689,582,667,587,698,431,720,
194,663,729,601,733,632,197,694,
655,555,725,549,727,575,657,581,
646,513,719,507,722,536,648,542,
149,588,364,570,367,604,152,622,
145,538,312,531,314,570,147,577,
625,426,698,424,700,454,626,456,
495,429,574,428,575,453,495,455,
141,494,268,487,269,522,143,529,
380,431,427,430,427,453,381,453,
609,350,681,348,682,378,610,380,
482,349,558,348,559,374,482,375,
145,384,656,383,657,420,145,422,
607,280,665,279,665,306,607,306,
494,274,542,274,542,297,494,296,
522,242,654,245,653,273,521,270,
359,260,400,262,400,281,358,279,
544,207,641,213,640,239,542,233,
136,287,654,309,652,348,135,325,
433,195,528,206,526,228,431,217,
292,176,411,190,408,212,289,198,
131,198,537,239,534,264,129,222,
273,127,562,166,558,199,269,159,
137,153,267,173,263,200,132,179,
467,76,530,82,528,104,465,98,