102,803,494,802,494,822,102,826,
230,778,382,779,383,802,231,802,
50,740,574,741,573,768,50,767,
496,695,586,693,586,716,496,718,
284,696,338,695,338,720,284,721,
24,690,187,691,187,714,23,712,
498,656,589,656,590,681,499,681,
20,654,148,658,148,685,20,682,
18,622,114,623,113,651,17,649,
509,573,589,571,589,599,509,601,
351,574,426,573,426,598,351,599,
218,577,263,576,263,595,218,596,
23,542,388,537,388,561,24,566,
505,496,582,494,583,516,506,518,
346,494,425,495,425,520,346,520,
218,497,263,496,264,518,219,519,
22,462,455,459,455,483,22,486,
501,417,577,415,577,440,501,442,
345,419,420,417,420,442,345,444,
216,420,263,419,263,441,216,442,
24,388,472,382,472,406,25,412,
498,342,572,341,572,363,498,364,
343,344,418,342,418,367,343,369,
214,346,260,345,260,367,214,368,
25,314,403,309,404,333,25,338,
317,276,407,274,407,298,317,300,
32,277,280,276,280,304,31,305,
394,276,552,268,554,292,394,299,
147,233,450,230,450,264,147,266,
155,151,430,146,431,169,156,174,
183,110,404,108,404,131,183,133,