147,927,565,895,568,924,150,956,
292,882,453,870,455,899,295,911,
91,850,631,814,633,843,93,879,
54,794,239,788,240,813,55,820,
551,768,630,765,632,789,552,792,
550,729,631,725,632,748,551,752,
67,748,245,740,246,765,68,773,
546,692,626,689,627,711,547,714,
64,707,191,705,192,737,66,738,
539,644,621,643,621,666,539,668,
67,657,202,658,202,688,67,686,
69,624,169,621,170,648,70,650,
526,568,607,566,607,589,527,590,
413,568,472,569,471,592,413,592,
278,573,323,571,324,591,279,593,
80,576,176,576,176,598,80,598,
412,535,472,536,472,559,412,559,
83,541,221,542,221,564,83,563,
85,506,476,505,476,531,85,532,
337,484,377,482,378,494,338,496,
370,476,579,474,579,497,370,499,
204,476,344,476,344,498,204,498,
96,471,204,476,203,498,95,493,
215,431,493,434,493,468,214,464,
222,361,474,365,473,387,222,382,
249,324,449,333,448,356,248,348,
8,37,193,32,195,107,10,113,