31,764,80,769,79,780,30,779,
190,763,222,763,222,774,190,774,
105,255,390,252,390,276,105,279,
44,229,216,230,216,247,44,246,
387,228,433,228,433,243,387,243,
44,205,222,208,222,225,44,223,
44,188,135,188,135,202,44,202,
374,185,433,185,433,199,374,199,
44,167,152,166,152,183,44,184,
263,167,312,165,313,180,264,182,
372,166,432,164,432,178,372,180,
50,151,125,151,125,163,50,163,
311,148,336,148,336,160,311,160,
252,146,283,146,283,161,252,161,
209,146,240,146,240,161,209,161,
335,144,430,143,430,159,335,160,
52,128,301,126,301,143,52,145,
52,113,322,112,322,125,52,126,
51,97,202,97,202,110,51,110,
52,79,85,79,85,91,52,91,
83,75,338,74,338,92,83,93,
108,60,345,59,345,73,108,74,