38,928,353,916,354,937,39,949,
109,900,250,897,250,918,110,922,
35,864,417,851,418,876,36,889,
357,806,434,802,435,823,358,827,
33,811,155,813,155,838,34,836,
32,781,87,779,88,800,32,802,
356,738,421,735,422,756,357,759,
30,747,89,742,91,765,31,769,
389,706,426,705,426,720,389,721,
28,679,108,676,109,697,29,700,
46,646,183,644,183,662,46,664,
342,591,416,592,415,613,342,612,
172,595,217,593,218,615,173,617,
24,595,95,592,96,613,25,616,
342,563,412,562,412,580,341,581,
355,502,405,500,406,519,356,521,
236,503,286,501,287,519,237,521,
125,503,182,505,182,523,125,521,
19,477,329,475,329,496,20,498,
353,444,405,445,405,463,354,463,
179,454,287,444,289,465,181,474,
131,448,164,449,163,464,129,463,
17,424,289,421,289,441,17,444,
345,394,401,391,401,408,345,411,
230,396,286,393,286,410,230,413,
134,396,176,394,177,408,135,410,
91,398,117,397,117,408,91,409,
14,373,278,370,278,388,15,391,
343,340,400,340,401,358,343,359,
231,344,285,342,286,359,232,361,
136,345,172,344,173,358,137,359,
12,320,289,319,289,339,13,340,
341,292,397,289,398,306,342,309,
241,293,289,293,289,311,241,310,
139,294,172,293,173,308,140,309,
10,273,304,270,304,287,11,290,
341,243,396,243,397,261,342,262,
242,244,288,245,288,263,242,262,
143,246,175,245,176,260,144,261,
8,225,329,221,329,240,9,243,
339,199,394,196,395,213,340,216,
234,199,290,197,291,214,235,216,
12,182,278,177,278,193,13,198,
300,155,383,155,383,169,300,170,
220,155,285,157,284,174,220,172,
157,160,193,159,193,173,157,174,
121,161,162,159,162,173,121,175,
21,158,97,161,95,178,21,175,
104,134,318,132,317,152,104,154,
115,87,306,84,306,98,114,101,
135,64,290,62,290,79,135,82,