277,827,374,827,374,841,277,841,
108,829,134,829,134,836,108,836,
144,777,314,772,315,793,145,797,
15,719,129,719,129,739,15,739,
375,719,448,719,448,736,375,736,
15,686,79,686,79,704,15,704,
377,684,448,684,448,700,377,700,
13,653,194,651,194,671,13,673,
340,648,446,648,446,668,340,668,
44,609,154,609,154,623,44,623,
254,603,311,603,311,620,254,620,
389,603,444,603,444,619,389,619,
45,575,153,575,153,589,45,589,
254,569,311,569,311,586,254,586,
388,568,443,566,444,584,388,586,
43,538,156,538,156,555,43,555,
254,535,310,535,310,552,254,552,
389,533,444,533,444,550,389,550,
40,511,84,507,86,525,41,529,
253,495,310,495,310,512,253,512,
389,493,444,493,444,511,389,511,
42,489,151,489,151,506,42,506,
72,443,143,443,143,461,72,461,
7,403,188,401,188,418,7,420,
8,374,270,369,271,386,8,391,
7,345,124,342,124,358,7,362,
163,314,291,311,292,328,164,331,
184,280,275,275,276,297,185,302,
107,245,351,238,352,262,108,269,
144,211,314,208,315,229,145,232,
151,186,305,184,306,207,152,210,
21,164,442,154,442,178,21,188,
33,97,430,85,431,114,34,127,