27,393,113,393,113,406,27,406,
138,392,219,388,219,399,139,402,
55,377,220,373,220,387,55,392,
25,353,204,346,205,359,26,367,
67,337,208,332,209,346,68,350,
67,296,203,291,204,305,68,311,
25,284,92,280,92,295,26,299,
30,273,75,270,75,282,31,284,
213,265,247,265,247,280,213,280,
27,257,102,257,102,270,27,270,
211,252,246,249,247,264,212,266,
26,243,117,242,118,254,27,255,
215,240,246,240,246,252,215,252,
25,229,138,226,139,239,26,242,
213,225,246,225,246,239,213,239,
213,198,246,198,246,212,213,212,
27,190,95,190,95,201,27,201,
128,188,159,188,159,200,128,200,
213,184,246,184,246,199,213,199,
27,176,98,176,98,187,27,187,
94,176,193,172,194,186,94,191,
121,162,161,162,161,173,121,173,
27,162,71,162,71,173,27,173,
211,158,246,155,247,171,212,173,
27,135,70,135,70,146,27,146,
177,133,245,133,245,144,177,144,
26,119,159,118,159,133,26,134,
185,118,246,116,247,130,185,133,
96,106,182,106,182,119,96,119,
138,85,205,85,205,96,138,96,
129,69,217,69,217,83,129,83,
29,67,100,67,100,86,29,86,
129,56,215,56,215,69,129,69,
132,40,213,41,213,56,132,55,