133,745,190,743,190,753,133,755,
43,748,131,745,131,752,43,755,
41,733,73,732,74,743,42,744,
38,716,165,713,165,728,38,731,
39,704,122,701,123,714,40,717,
40,691,82,689,82,700,40,702,
37,676,79,674,80,688,38,690,
36,643,122,640,123,658,37,661,
37,627,117,625,117,636,37,638,
242,609,293,607,294,622,243,624,
34,611,172,610,173,623,35,625,
34,594,91,592,91,609,34,611,
31,576,127,575,127,588,31,589,
30,549,135,546,135,557,30,560,
28,533,123,532,124,545,29,546,
230,499,293,500,293,517,231,517,
30,507,89,505,89,517,30,519,
26,489,177,487,178,505,27,506,
26,476,109,476,109,490,26,490,
25,462,91,463,92,476,26,476,
165,448,239,442,241,470,167,476,
240,446,289,444,289,459,240,461,
25,447,102,448,102,462,25,461,
21,434,113,433,114,447,22,448,
248,418,288,417,288,431,248,432,
24,423,59,422,59,432,24,433,
20,405,149,405,150,419,21,420,
201,390,256,388,257,414,202,416,
23,395,105,392,105,402,23,405,
225,376,286,376,287,391,226,390,
21,379,73,377,74,391,22,393,
237,348,284,349,284,364,237,364,
20,351,55,350,56,365,21,366,
239,341,281,339,281,347,239,349,
118,334,189,333,189,351,118,351,
224,321,282,322,282,337,224,335,
21,325,115,322,116,336,22,339,
21,313,89,311,89,322,21,324,
233,294,282,295,281,310,233,310,
18,296,106,293,107,308,19,311,
221,280,279,280,280,295,221,294,
18,281,101,279,101,293,18,295,
232,267,279,267,279,282,232,281,
21,270,78,268,78,279,21,281,
221,251,278,253,278,267,221,266,
16,250,113,251,114,268,16,268,
231,221,279,221,279,240,231,239,
15,224,49,223,49,238,15,239,
93,210,205,209,205,223,93,224,
12,177,202,176,203,194,13,194,
39,169,69,168,69,175,39,176,
76,163,177,162,177,176,76,177,
15,155,88,153,88,163,15,165,
230,116,275,112,277,127,232,132,