524,1332,565,1335,563,1349,523,1346,
365,1312,531,1329,528,1349,363,1332,
382,1263,627,1285,625,1314,380,1291,
377,1240,672,1267,669,1290,375,1264,
257,1174,557,1176,557,1210,257,1207,
259,1163,410,1155,411,1175,259,1183,
254,1141,334,1134,335,1154,254,1160,
253,1118,331,1115,332,1135,254,1138,
223,1082,585,1080,585,1118,223,1120,
578,1063,674,1067,673,1091,577,1087,
221,1069,466,1058,467,1082,222,1092,
565,1039,674,1042,674,1066,565,1063,
220,1046,312,1043,313,1063,221,1066,
213,1021,474,1012,475,1036,214,1045,
264,967,480,963,480,988,263,992,
558,937,669,938,669,962,558,961,
203,942,482,934,483,962,204,970,
556,884,668,886,667,911,556,909,
380,886,487,885,488,909,380,910,
197,894,270,891,271,911,198,914,
525,858,666,858,667,882,525,882,
192,866,526,857,527,881,192,890,
551,831,662,830,663,854,551,854,
377,837,481,833,482,852,378,856,
189,842,264,839,265,859,190,862,
184,811,653,802,654,826,185,835,
175,758,658,747,659,771,176,782,
528,724,653,722,653,743,529,745,
340,727,538,723,539,747,340,751,
172,732,273,729,274,754,173,757,
161,672,644,662,644,690,161,700,
504,637,601,634,602,658,505,661,
378,643,477,639,478,659,379,663,
235,643,357,642,357,666,235,666,
224,582,617,573,617,601,225,610,
233,553,600,543,600,568,234,578,
202,522,609,509,610,539,203,551,
234,487,580,479,581,507,235,515,
129,457,648,444,649,472,129,485,
135,424,633,412,634,440,135,452,
121,390,646,378,647,406,122,418,
217,356,561,345,562,373,218,384,
228,320,546,312,546,342,229,350,
304,282,467,282,467,311,304,311,