350,391,350,377,401,377,401,391,
338,643,338,626,408,626,408,643,
332,602,332,585,408,587,408,605,
322,413,323,396,400,398,400,416,
296,374,296,354,410,354,410,374,
284,755,285,723,409,728,408,759,
286,558,287,541,409,545,408,561,
284,268,284,250,408,249,409,267,
284,516,284,502,407,502,407,516,
278,435,278,415,407,415,407,435,
262,456,262,439,405,439,405,456,
250,309,250,292,407,292,407,309,
217,477,218,457,408,460,407,480,
190,582,190,561,409,564,408,585,
192,601,191,584,245,583,246,600,
184,557,184,543,238,542,238,556,
179,293,178,273,406,270,408,290,
182,516,182,502,229,501,229,515,
178,663,179,644,411,647,410,667,
154,540,154,521,408,520,408,539,
152,687,152,667,297,668,296,688,
106,727,106,708,219,707,219,726,
103,354,103,335,338,334,338,353,
101,208,101,188,348,187,348,207,
80,751,80,727,244,730,244,753,
75,145,75,124,372,124,372,145,
73,774,73,757,250,756,250,773,
59,798,60,778,259,780,258,800,
36,121,36,104,408,105,407,122,
39,665,39,648,133,648,133,665,
36,539,36,523,159,523,159,539,
37,602,36,585,94,585,95,602,
31,646,31,626,147,624,148,644,
29,269,29,252,185,254,185,271,
29,312,29,292,176,294,175,314,
30,397,29,379,79,377,80,394,
30,415,30,398,84,398,84,415,
28,185,28,165,406,164,406,184,
29,437,29,416,86,416,86,437,
29,480,28,461,84,458,84,477,
31,517,31,503,78,503,78,517,
30,561,30,543,87,543,87,561,