281,747,418,753,417,775,280,771,
179,744,284,747,283,771,178,768,
125,263,408,262,408,285,125,286,
63,235,235,238,234,256,63,253,
387,236,444,238,443,254,386,253,
64,211,239,215,239,232,64,228,
60,188,155,192,153,209,59,205,
372,191,445,192,445,209,373,209,
59,170,207,172,207,189,60,187,
240,174,332,171,332,188,241,191,
371,174,444,171,444,186,372,189,
66,152,143,154,143,165,66,163,
229,155,252,155,252,166,229,166,
268,153,300,153,300,167,268,167,
321,153,444,149,445,167,322,170,
69,131,318,133,317,150,68,148,
68,113,338,119,338,135,68,130,
68,96,219,102,218,116,67,110,
64,77,352,81,352,98,65,94,
122,61,361,63,360,81,122,80,