282,750,283,732,346,735,346,753,
280,714,282,699,347,702,346,717,
279,117,280,103,356,104,355,118,
275,376,275,359,344,360,344,377,
251,359,250,341,348,340,348,358,
244,675,244,662,347,664,347,677,
235,841,237,815,346,824,344,850,
244,258,245,240,356,241,355,259,
240,567,240,551,350,549,350,566,
241,602,241,588,348,590,348,604,
240,640,240,626,347,627,347,641,
239,529,240,509,352,511,351,531,
237,473,237,456,351,455,351,472,
235,395,236,378,347,380,347,397,
232,583,233,569,349,571,348,585,
213,415,213,398,351,400,351,417,
210,300,210,280,353,282,353,302,
188,582,189,571,230,572,229,583,
179,439,179,419,352,416,352,436,
148,769,148,752,347,753,347,770,
151,472,151,458,200,459,200,473,
149,494,149,476,350,475,350,493,
149,601,149,590,189,590,189,601,
149,639,149,629,190,629,190,639,
146,677,146,664,197,662,197,675,
145,714,146,697,211,698,210,715,
147,529,147,514,192,515,192,530,
146,564,146,553,190,553,190,564,
130,284,130,261,355,259,355,282,
111,790,112,772,252,770,251,788,
81,828,80,810,183,804,184,822,
80,492,80,477,120,477,120,492,
77,340,76,323,296,321,296,338,
67,849,67,831,197,825,199,843,
73,201,73,182,301,182,301,202,
64,893,62,873,196,862,198,882,
65,587,66,570,194,570,193,587,
51,873,49,852,214,840,215,861,
49,626,48,606,350,604,350,624,
53,139,53,119,326,122,326,142,
28,702,27,679,348,675,349,698,
24,665,24,642,350,640,349,662,
23,553,22,532,350,529,350,550,
17,758,16,741,117,738,117,755,
16,778,15,761,107,758,108,775,
17,682,16,668,65,665,66,679,
17,718,18,704,67,705,66,719,
18,643,18,629,58,630,58,644,
17,569,17,554,64,555,64,570,
16,606,16,592,56,592,56,606,
16,512,17,498,47,498,46,512,
16,531,16,516,59,517,59,532,
12,477,12,456,65,457,65,478,
14,416,14,403,46,403,46,416,
13,442,11,423,60,420,62,439,
13,259,14,242,150,244,149,261,
11,398,11,380,60,381,60,399,
12,179,13,162,355,162,355,178,
11,301,11,284,142,284,142,300,
12,377,12,362,59,362,58,377,
12,117,13,100,286,102,285,119,