102,574,434,565,435,592,103,601,
32,544,238,540,238,561,32,565,
450,533,542,531,542,552,450,554,
31,508,253,506,254,529,32,531,
458,469,555,469,556,492,459,491,
28,475,152,478,152,503,28,500,
473,441,564,439,564,460,473,462,
30,450,109,448,109,469,30,471,
316,444,389,443,389,461,316,462,
491,408,570,409,571,430,492,429,
30,419,178,416,179,437,31,440,
333,412,395,410,396,431,334,433,
498,378,576,377,577,398,499,399,
28,389,181,384,182,405,28,410,
335,381,398,379,399,400,336,402,
459,341,582,341,582,365,459,365,
36,346,147,350,146,375,35,371,
42,313,408,303,408,332,43,341,
41,279,451,273,452,301,42,306,
43,244,273,242,273,269,43,271,
40,199,502,191,502,225,40,233,
136,158,532,152,532,186,136,192,