301,1554,487,1552,487,1570,301,1572,
297,1530,670,1525,670,1548,297,1553,
367,1510,414,1508,414,1520,367,1522,
108,1473,654,1476,653,1503,108,1501,
568,1403,691,1403,691,1431,568,1431,
73,1396,229,1399,229,1434,73,1430,
568,1361,694,1362,694,1392,568,1390,
121,1356,254,1359,254,1393,120,1391,
568,1316,695,1318,695,1352,567,1351,
70,1316,292,1316,293,1348,71,1349,
167,1275,594,1275,593,1308,168,1308,
568,1231,696,1235,696,1269,566,1265,
65,1227,420,1228,420,1266,65,1265,
586,1189,699,1192,699,1226,585,1223,
66,1186,238,1186,239,1222,66,1223,
568,1146,700,1149,700,1184,567,1180,
65,1144,432,1141,432,1176,66,1178,
569,1062,699,1063,699,1092,568,1092,
374,1060,519,1060,519,1090,374,1090,
108,1062,312,1061,313,1093,108,1094,
568,1015,701,1017,699,1052,567,1049,
369,1014,520,1016,520,1049,369,1047,
286,1019,358,1016,359,1045,288,1048,
56,973,433,973,434,1006,55,1006,
55,932,489,934,489,968,55,967,
185,884,356,885,356,924,184,923,
274,803,460,805,460,834,273,832,
105,716,581,713,581,746,106,749,
97,673,648,668,649,706,97,711,
58,629,678,627,679,664,58,667,
154,583,585,585,585,624,154,623,
238,543,497,544,496,577,239,576,
212,492,521,491,521,530,212,531,
393,419,548,423,547,451,393,447,
184,423,353,420,354,448,185,450,
142,382,588,380,587,414,143,416,
664,349,689,348,690,360,665,361,
105,289,627,293,627,334,105,330,
203,241,523,239,524,278,204,281,
226,188,499,186,500,225,226,227,
56,129,673,119,674,168,58,178,