126,1234,473,1233,472,1259,126,1262,
248,1199,349,1200,348,1222,248,1221,
195,1167,348,1167,347,1191,194,1190,
417,1137,514,1134,514,1157,417,1160,
235,1137,346,1140,345,1163,234,1160,
237,1104,347,1106,347,1129,236,1128,
414,1074,510,1074,511,1098,414,1098,
197,1075,348,1074,348,1102,198,1103,
93,1044,173,1041,174,1063,94,1066,
95,1007,202,1007,202,1031,95,1031,
434,993,510,991,510,1010,434,1012,
273,993,422,992,422,1015,273,1015,
92,984,212,983,213,1005,93,1006,
433,957,507,955,507,969,433,971,
304,955,419,954,418,973,303,974,
92,961,249,956,249,975,92,980,
304,926,509,925,509,947,304,949,
90,934,230,930,230,948,90,952,
315,898,507,897,507,916,315,916,
86,904,167,905,167,923,87,922,
299,871,506,868,506,888,300,891,
84,875,231,874,231,895,84,896,
84,849,188,846,189,868,85,871,
263,830,505,828,505,847,263,850,
84,822,178,819,178,842,84,845,
267,790,504,788,503,807,267,808,
82,796,236,792,237,815,83,819,
296,761,503,757,503,779,297,784,
81,767,128,766,129,786,82,787,
267,739,298,738,299,747,268,748,
291,731,502,729,502,752,292,753,
81,740,173,737,174,755,82,758,
433,693,501,691,502,709,434,711,
262,691,412,692,412,714,262,714,
76,687,236,686,236,704,76,706,
429,651,502,649,503,671,430,673,
276,654,419,651,420,671,277,673,
73,656,197,656,197,678,73,678,
430,624,500,622,501,640,431,642,
271,629,411,625,412,643,272,646,
68,627,173,627,174,649,68,649,
430,595,499,593,500,611,431,613,
270,598,426,593,427,612,271,617,
65,598,152,599,153,619,66,618,
64,571,114,570,114,589,64,590,
251,538,501,534,500,556,250,560,
59,539,197,542,196,565,58,564,
55,518,219,517,220,535,56,536,
428,482,499,480,500,494,429,496,
259,482,421,478,421,500,260,504,
52,485,226,484,227,505,52,506,
48,455,138,455,138,474,49,474,
244,434,499,430,499,453,243,457,
43,426,196,426,195,449,44,448,
422,383,497,385,497,408,422,407,
231,388,398,386,398,410,232,412,
42,358,227,353,228,375,42,380,
42,325,169,324,169,346,42,347,
274,318,451,313,452,339,275,344,
42,296,341,286,341,308,42,319,
172,257,359,249,359,275,173,283,
114,224,413,210,415,242,116,255,
273,189,436,175,438,197,274,211,
234,158,474,140,475,166,236,184,
234,136,470,119,473,145,236,162,
109,105,156,110,154,125,108,119,
76,112,112,106,115,121,78,127,
221,105,480,86,482,112,223,132,