246,1187,332,1188,333,1202,246,1200,
153,1181,187,1183,187,1196,152,1195,
279,1154,401,1159,400,1171,279,1166,
320,1137,456,1140,456,1153,319,1151,
206,1136,307,1138,307,1150,206,1149,
168,1134,208,1137,208,1147,167,1144,
94,1128,168,1134,166,1147,92,1140,
91,1108,227,1116,227,1133,90,1126,
87,1083,403,1090,402,1112,89,1104,
94,1064,404,1070,404,1091,94,1086,
114,1047,366,1048,366,1068,114,1066,
86,1027,314,1025,314,1046,86,1048,
156,999,394,1000,394,1021,156,1020,
82,968,404,968,404,989,82,989,
82,947,354,947,353,968,82,968,
190,921,396,923,396,948,190,946,
386,901,498,900,499,921,386,922,
79,927,177,927,178,945,78,944,
273,902,372,901,372,919,273,919,
182,903,247,901,248,918,183,920,
75,907,122,903,123,916,76,920,
186,850,368,850,369,868,186,867,
111,730,437,727,436,748,110,751,
482,702,505,700,505,710,482,712,
105,698,230,697,231,715,104,715,
107,673,230,673,230,691,106,691,
153,644,232,646,231,667,152,665,
431,618,502,618,504,640,430,640,
118,615,231,616,231,641,117,641,
400,550,496,551,496,570,400,570,
43,550,205,551,204,572,44,570,
441,511,493,512,495,535,441,535,
92,512,167,513,166,536,90,535,
402,481,490,480,492,501,402,502,
38,483,322,484,322,505,39,504,
88,445,166,445,166,466,88,467,
406,406,484,405,486,428,407,429,
36,414,284,411,284,432,36,435,
154,356,330,351,330,376,155,380,
31,356,137,354,137,380,32,382,
155,322,302,319,303,343,155,348,
29,324,133,325,132,348,29,347,
159,291,354,287,355,308,159,312,
28,293,82,295,81,319,27,317,
385,250,462,247,463,271,386,274,
64,261,278,257,279,280,64,283,
390,194,466,190,468,213,391,217,
43,207,198,202,199,224,44,228,
135,168,424,156,425,182,136,194,
134,136,427,120,428,146,136,161,