17,615,196,609,197,637,19,641,
365,645,561,642,561,674,366,677,
18,581,140,577,142,605,19,609,
503,594,573,593,574,618,504,620,
20,531,158,531,158,559,21,559,
504,559,574,557,574,583,506,585,
23,495,127,494,127,523,24,523,
507,511,577,512,577,538,507,537,
36,446,135,445,135,469,36,470,
240,443,288,442,288,465,240,465,
42,408,185,409,185,434,42,433,
378,439,438,437,438,464,378,465,
505,436,575,434,577,460,506,463,
383,404,440,403,441,430,382,429,
52,334,147,335,147,356,52,355,
48,375,544,372,545,395,48,399,
249,334,296,334,296,356,249,356,
384,333,444,333,444,360,384,359,
56,297,196,300,196,324,56,321,
509,332,579,332,578,358,509,358,
388,299,448,300,447,327,386,324,
79,235,194,242,193,263,79,256,
64,267,517,275,517,298,64,288,
217,239,569,243,568,269,217,265,
200,199,484,205,483,238,199,230,
216,123,473,135,472,159,215,147,
250,91,453,102,452,126,249,114,