446,552,446,531,506,531,506,552,
447,601,447,583,506,583,506,601,
446,456,446,438,488,438,488,456,
445,506,445,488,505,488,505,506,
433,686,433,669,511,669,511,686,
421,726,421,704,510,704,510,726,
405,652,405,627,512,629,511,654,
404,278,404,267,427,267,427,278,
354,199,354,175,506,170,507,194,
296,552,296,531,357,531,357,552,
294,508,294,487,357,487,357,508,
295,601,295,583,355,583,355,601,
288,457,288,439,327,439,327,457,
244,159,244,140,296,140,296,159,
216,457,216,439,257,439,257,457,
197,313,197,299,340,299,340,313,
182,222,182,201,355,202,355,223,
178,198,177,174,344,171,344,196,
177,247,177,226,367,226,367,247,
174,780,175,755,365,759,364,783,
134,283,134,259,411,259,411,283,
125,830,125,806,437,807,437,831,
96,461,96,440,186,440,186,461,
64,515,63,494,184,489,184,511,
63,570,63,549,177,547,177,568,
63,545,63,528,184,526,184,543,
60,596,60,578,145,577,145,595,
60,620,60,602,129,601,129,619,
48,131,48,101,492,101,492,131,
34,192,35,168,161,172,160,196,
28,729,28,707,154,707,154,729,
26,689,27,671,101,673,100,692,
23,660,23,632,233,634,232,662,
22,381,22,360,317,358,317,379,
23,346,23,329,82,329,82,346,
21,413,21,393,227,392,227,412,