628,1364,656,1365,656,1375,628,1374,
685,1359,767,1362,767,1382,685,1379,
817,1358,906,1361,906,1391,817,1388,
283,1266,351,1268,350,1300,282,1298,
355,1265,814,1265,815,1303,355,1304,
230,1214,885,1217,885,1256,230,1253,
255,1078,703,1083,703,1117,255,1112,
261,1037,484,1043,483,1073,260,1067,
260,993,373,993,373,1024,260,1025,
264,955,376,958,375,983,263,980,
236,906,749,906,749,940,236,940,
237,869,584,868,584,901,237,901,
742,868,877,865,877,901,743,904,
240,827,368,828,368,862,240,861,
726,827,872,826,873,861,727,863,
243,791,343,794,342,824,242,821,
349,790,600,792,599,822,349,820,
322,713,615,714,615,747,322,745,
247,675,616,674,616,708,247,709,
720,674,861,671,862,705,720,708,
252,601,347,601,347,631,252,631,
508,602,629,597,630,631,510,636,
723,602,854,606,853,632,722,628,
256,564,708,565,708,595,256,594,
711,565,855,569,854,599,710,595,
260,531,352,531,352,557,260,557,
512,531,629,529,629,559,512,561,
716,530,851,529,851,560,717,561,
259,494,616,496,616,525,259,523,
625,495,849,495,849,525,625,525,
260,428,845,425,845,459,260,462,
263,396,385,394,385,424,264,426,
699,402,727,403,727,414,699,413,
465,397,701,394,701,423,465,425,
725,394,841,395,840,421,725,420,
264,326,825,327,825,361,264,361,
355,300,497,299,497,322,355,322,
523,297,638,298,637,322,523,322,
666,297,777,298,777,322,665,321,
357,235,792,235,792,261,357,261,
373,205,777,204,777,230,372,231,
345,173,788,171,788,201,345,203,
388,142,757,142,757,166,389,167,
276,113,828,109,828,139,276,143,
290,83,813,80,813,109,290,113,
281,53,824,51,825,80,281,81,
392,24,478,27,477,51,391,48,
471,26,543,29,542,49,470,46,
536,26,738,22,738,47,536,50,