30,1174,645,1262,637,1318,22,1229,
19,1094,365,1138,357,1202,11,1157,
37,971,398,1009,393,1054,32,1017,
51,854,433,891,429,939,46,903,
78,801,440,826,436,876,75,851,
593,838,715,854,709,901,587,886,
85,703,193,711,191,743,83,736,
261,664,472,675,469,712,259,700,
613,677,735,685,732,728,610,721,
82,605,571,634,569,679,76,650,
120,574,219,576,218,608,119,605,
304,538,483,542,483,574,303,570,
96,497,275,501,274,527,96,523,
613,543,746,546,745,584,612,581,
277,493,526,505,525,541,274,529,
151,462,244,462,244,492,151,491,
321,428,489,429,489,457,321,455,
109,397,290,397,290,421,109,420,
310,397,363,404,360,424,308,417,
362,397,422,399,421,422,362,421,
613,424,762,428,761,460,612,456,
176,362,264,362,264,388,175,388,
435,391,570,398,568,430,434,422,
339,331,498,329,498,355,339,357,
121,303,310,299,311,326,117,329,
321,299,501,299,500,325,321,325,
201,274,281,272,282,296,202,298,
614,325,777,325,777,353,614,352,
128,248,194,246,194,269,126,271,
131,223,326,217,326,239,129,245,
350,240,504,238,505,265,350,267,
338,216,391,214,392,238,339,239,
222,193,300,191,301,215,223,218,
407,212,523,212,522,234,406,234,
137,175,218,171,219,194,134,197,
613,235,774,231,774,255,613,259,
140,152,341,142,341,163,139,173,
365,164,510,159,512,181,366,187,
153,109,209,108,209,127,153,128,
216,106,291,103,291,122,216,124,
350,140,577,133,577,156,351,163,
161,88,226,88,226,108,161,108,
610,154,763,150,764,173,611,176,
302,101,400,97,401,118,303,121,
591,130,761,125,762,146,592,151,
173,48,215,50,213,69,171,68,
352,76,428,75,429,97,353,98,
404,94,549,88,549,108,405,113,
207,49,253,45,255,63,209,67,
262,46,308,43,309,57,263,62,
437,70,590,64,591,86,439,91,
303,42,377,37,377,56,304,61,
540,85,753,76,754,99,541,109,
262,24,332,22,333,38,262,41,
624,63,686,68,687,82,623,82,