73,589,438,585,438,608,73,612,
192,562,334,559,334,584,192,586,
20,528,504,524,504,548,20,553,
241,483,290,483,290,506,241,506,
2,481,151,481,151,502,2,502,
432,479,512,479,512,503,432,503,
1,447,114,452,113,477,0,473,
432,444,512,444,512,468,432,468,
2,416,82,419,81,445,1,442,
180,375,222,375,222,393,180,393,
300,373,367,373,367,394,300,394,
441,372,509,372,509,394,441,394,
0,341,337,338,337,362,0,365,
442,301,510,301,510,324,442,324,
312,300,370,300,370,326,312,326,
2,271,420,269,420,290,2,292,
279,235,363,237,363,258,278,256,
3,235,243,233,243,261,3,263,
352,236,497,234,497,255,352,257,
114,189,408,189,408,223,114,223,
123,107,392,109,392,132,123,130,
155,72,368,73,368,94,155,93,