156,717,330,713,331,727,157,731,
160,692,328,691,327,708,160,710,
58,659,253,653,254,670,59,676,
231,628,303,628,302,645,231,645,
367,604,416,603,416,617,367,618,
187,603,302,603,302,620,187,620,
363,577,415,576,416,594,364,595,
216,577,301,579,301,597,216,595,
214,553,300,550,301,568,215,571,
361,525,413,524,414,541,361,542,
178,525,299,524,299,546,179,546,
362,483,412,482,413,498,363,499,
52,488,104,485,106,502,54,505,
52,460,140,462,139,480,52,479,
358,430,411,432,410,450,357,448,
51,437,105,436,105,454,51,455,
51,413,109,412,110,429,52,430,
327,381,409,381,409,399,327,399,
49,387,112,386,113,404,50,405,
48,339,101,338,101,356,48,357,
49,317,85,316,86,332,50,333,
47,292,135,295,135,313,47,311,
152,263,313,260,312,278,151,280,
79,241,379,236,379,256,79,261,
138,216,317,214,318,235,138,237,
134,176,318,175,318,199,134,200,
90,151,364,149,364,174,90,175,
45,123,404,124,404,151,45,150,
179,96,272,94,273,122,179,124,