346,521,346,503,418,503,418,521,
340,479,341,458,419,460,418,481,
330,324,330,307,412,307,412,324,
305,304,304,286,417,285,418,303,
295,641,295,607,418,611,418,645,
296,432,296,415,419,415,419,432,
288,456,288,436,418,438,417,458,
285,347,285,327,416,327,416,347,
269,368,269,350,415,351,415,369,
229,132,229,111,417,106,418,126,
224,392,223,372,417,373,418,393,
195,479,195,458,255,457,255,478,
191,434,191,416,247,415,247,433,
185,544,185,524,420,526,419,547,
160,568,160,548,304,547,304,567,
155,123,155,112,220,113,220,124,
140,478,140,460,177,460,177,478,
109,611,109,591,225,590,225,610,
105,218,105,196,363,198,362,219,
105,285,105,264,344,262,344,283,
87,636,86,615,248,616,248,637,
83,150,82,129,374,132,375,153,
77,661,77,643,259,643,259,661,
65,687,65,666,267,666,267,687,
41,125,41,108,145,108,145,125,
43,545,43,528,139,528,139,545,
40,480,40,459,102,459,102,480,
35,523,35,503,154,503,154,523,
32,193,32,172,419,172,419,194,
33,326,33,308,89,310,88,328,
34,395,33,374,90,372,92,393,
35,435,35,417,94,417,94,435,
33,303,33,285,82,285,82,303,
33,348,33,330,90,330,90,348,