179,451,289,447,290,462,180,467,
40,432,422,422,423,442,39,452,
370,395,427,393,428,409,371,411,
216,397,255,396,256,414,217,415,
15,399,140,397,140,415,16,417,
371,368,427,366,428,384,371,386,
12,371,111,375,109,395,13,392,
12,348,81,351,80,371,12,368,
378,309,423,308,424,326,379,327,
263,312,309,311,310,329,264,330,
154,312,192,313,192,332,154,330,
12,290,343,282,343,301,12,309,
365,253,421,251,422,269,366,271,
250,253,308,251,309,272,251,274,
153,253,190,255,190,273,153,271,
12,233,405,225,406,242,12,250,
96,202,407,195,408,215,97,223,
15,204,100,205,100,222,16,222,
103,166,332,163,332,190,103,193,
106,98,320,96,321,117,106,118,
128,68,299,66,299,85,127,87,