249,804,334,813,333,832,246,823,
155,773,443,803,441,827,152,797,
208,754,384,769,383,787,207,773,
307,676,383,678,382,697,306,696,
309,657,382,660,381,678,309,675,
430,660,477,660,478,679,431,679,
318,632,473,633,473,655,318,654,
146,585,322,587,322,608,145,606,
399,586,477,584,477,606,400,607,
143,538,190,541,189,560,142,557,
420,537,476,534,478,553,420,556,
154,495,304,498,304,516,154,513,
353,504,401,504,401,523,353,524,
431,502,482,502,483,521,431,521,
200,474,262,476,260,494,199,492,
358,475,401,472,402,492,360,494,
434,471,482,470,483,489,435,491,
174,434,292,437,292,454,174,451,
335,434,427,429,429,451,336,455,
134,406,329,415,329,433,133,424,
332,413,440,408,441,428,333,431,
166,359,426,362,426,393,165,390,
162,309,456,316,455,348,161,341,
145,273,495,288,494,320,143,305,
308,228,433,226,433,256,308,257,
175,204,297,226,292,259,169,237,