4,675,94,675,94,693,4,693,
398,667,447,667,447,689,398,689,
198,639,249,639,249,661,198,661,
0,640,99,637,99,658,0,661,
402,635,447,635,447,657,402,657,
2,606,58,609,57,631,1,629,
129,520,175,517,176,539,130,542,
260,518,331,515,332,541,261,544,
1,482,433,478,433,504,1,509,
132,440,177,440,177,462,132,462,
258,438,330,438,330,464,258,464,
1,406,403,403,403,426,1,429,
396,365,447,365,447,386,396,386,
256,365,325,365,325,387,256,387,
135,366,177,366,177,385,135,385,
0,334,431,332,431,356,0,358,
396,301,447,301,447,322,396,322,
263,301,319,301,319,322,263,322,
137,299,178,299,178,318,137,318,
0,268,368,272,368,295,0,291,
377,241,442,244,441,264,376,262,
250,242,313,242,313,260,250,260,
139,239,179,239,179,257,139,257,
0,215,349,215,349,235,0,235,
246,192,308,192,308,209,246,209,
141,192,177,192,177,206,141,206,
368,190,431,190,431,207,368,207,
0,166,333,172,333,193,0,187,
74,148,411,150,411,174,74,171,
2,141,83,148,82,166,1,159,
89,117,332,124,332,151,89,144,
101,73,312,75,312,93,101,91,
124,47,291,53,290,73,123,67,