107,1153,136,1155,127,1275,98,1273,
70,1057,107,1060,88,1278,52,1274,
28,993,57,995,37,1267,8,1265,
258,999,297,1005,295,1019,256,1012,
165,961,201,964,176,1281,139,1279,
252,973,367,968,368,991,252,996,
697,990,735,992,734,1007,696,1005,
359,967,427,962,429,983,360,988,
216,944,257,948,229,1288,189,1284,
771,992,807,994,806,1008,770,1006,
253,960,324,957,325,976,253,979,
824,991,866,994,865,1013,823,1010,
577,965,611,967,610,979,576,977,
695,965,815,967,815,986,694,984,
685,953,758,954,758,968,685,968,
305,927,400,919,402,938,307,946,
675,932,775,935,775,953,675,951,
251,912,453,899,454,922,254,935,
259,897,370,890,372,909,261,916,
584,901,679,902,679,921,583,920,
263,881,368,874,370,893,265,901,
437,885,505,879,508,899,438,905,
585,885,679,886,679,904,585,903,
333,862,372,865,371,879,332,876,
194,852,302,850,302,868,195,872,
587,870,661,871,661,888,587,888,
189,835,380,828,381,849,190,856,
431,840,509,835,511,855,432,860,
584,840,781,844,781,863,584,859,
234,813,292,810,293,825,235,827,
582,827,683,828,683,846,582,845,
298,811,383,808,384,823,299,825,
588,812,637,816,636,829,587,825,
189,794,387,786,388,809,190,817,
583,796,636,797,636,815,583,815,
431,785,510,782,512,801,431,804,
199,762,275,761,275,780,198,781,
574,779,801,785,800,806,573,800,
193,742,247,746,246,765,192,761,
574,771,623,775,622,784,573,780,
391,753,468,753,468,771,391,771,
621,765,729,769,728,787,620,783,
801,771,867,773,865,790,800,789,
326,742,401,736,403,755,327,761,
577,753,630,756,629,771,576,767,
446,735,510,736,510,754,447,754,
794,756,866,758,865,777,793,775,
203,712,274,710,274,729,204,731,
569,736,738,740,737,758,568,755,
191,727,510,718,510,741,192,750,
246,700,269,701,269,710,246,709,
193,695,248,694,248,712,193,714,
390,705,465,704,465,722,390,723,
607,717,739,718,739,736,607,734,
326,693,396,690,398,710,327,713,
443,690,508,689,508,708,443,709,
566,699,744,700,744,722,567,722,
230,663,291,662,292,680,231,680,
791,705,865,703,865,723,792,724,
188,678,509,670,509,694,188,700,
584,672,644,676,643,694,583,690,
232,643,278,646,277,664,231,661,
338,647,510,651,510,680,337,675,
747,672,819,674,818,692,746,691,
575,657,644,662,643,677,574,672,
231,629,471,642,471,661,231,648,
681,659,760,659,759,677,682,676,
245,620,297,624,296,637,244,633,
797,659,865,659,864,678,796,678,
408,621,472,626,471,645,407,640,
570,639,844,643,843,665,570,662,
236,603,280,606,279,620,235,617,
342,607,416,610,415,629,342,626,
571,615,695,617,695,634,571,632,
367,597,451,603,450,618,366,612,
234,587,366,593,366,612,234,605,
692,616,728,619,727,632,692,629,
237,575,282,578,281,592,236,589,
571,601,632,598,632,617,572,619,
366,582,411,585,410,599,365,596,
764,615,863,614,864,631,764,633,
452,587,495,590,494,603,451,600,
363,568,414,571,413,584,362,581,
236,557,340,563,339,582,234,576,
664,600,862,597,862,615,664,618,
423,572,448,574,447,584,422,582,
366,556,411,559,410,568,365,565,
239,545,285,548,284,563,238,560,
567,577,858,576,858,596,567,597,
428,545,476,549,475,558,427,554,
240,531,338,536,337,551,239,545,
365,540,414,543,413,552,364,549,
345,538,368,540,367,550,344,548,
476,544,521,547,520,561,475,558,
649,561,805,561,804,578,649,579,
246,520,298,524,297,537,245,533,
410,527,475,532,474,545,409,540,
613,541,826,543,827,562,612,561,
239,503,283,506,282,520,238,517,
347,508,415,512,414,527,346,523,
455,512,515,516,514,531,454,527,
239,488,341,495,340,510,238,503,
593,525,850,525,851,544,593,544,
344,491,512,499,512,518,343,510,
642,511,780,510,781,527,642,529,
244,473,301,480,300,494,242,486,
411,484,478,486,478,499,411,498,
351,467,417,471,416,485,350,481,
613,483,650,486,649,500,612,497,
238,456,288,459,286,478,236,474,
591,496,857,494,857,517,591,519,
452,467,519,472,518,491,451,486,
656,483,764,483,764,498,656,497,
238,443,343,447,342,464,237,460,
612,467,701,471,700,486,612,482,
341,444,518,456,518,479,339,467,
242,431,300,435,299,449,241,445,
716,465,835,466,834,484,716,484,
618,454,706,458,705,472,617,467,
415,439,480,444,479,458,414,453,
722,454,784,455,783,468,722,468,
239,415,286,418,285,432,238,428,
784,452,832,455,831,469,783,465,
350,421,421,422,420,442,350,440,
457,424,519,429,518,444,455,439,
647,440,803,438,804,456,647,457,
341,404,459,412,458,430,339,422,
236,398,342,401,342,420,235,417,
827,434,904,429,906,449,828,455,
648,424,790,420,790,438,649,443,
245,387,304,391,303,404,244,400,
418,395,480,400,479,414,417,409,
355,379,424,384,423,397,354,392,
241,371,287,374,286,388,240,385,
456,379,523,381,522,400,455,398,
238,350,504,366,502,389,237,372,
278,331,311,333,310,343,277,341,
245,329,267,330,266,341,244,340,
434,338,521,336,522,355,434,356,
244,312,301,316,300,329,243,325,
337,316,524,320,524,342,336,338,
236,285,522,296,521,323,235,311,
323,279,471,282,470,301,322,297,
283,254,494,262,494,283,282,276,
262,234,514,245,514,270,260,259,
407,234,448,234,448,243,407,243,
267,210,334,215,333,230,266,225,
340,216,520,213,520,232,341,234,
284,195,423,205,422,223,283,213,
447,205,485,208,484,217,447,214,
285,183,377,190,376,204,284,197,
391,184,504,187,503,204,391,201,
292,168,421,177,420,191,291,182,
428,177,451,179,450,189,427,187,
455,174,499,177,499,186,455,183,
322,156,473,158,472,178,323,176,
325,140,463,143,462,161,325,159,