60,754,444,749,444,766,60,771,
108,731,396,728,397,745,109,748,
58,689,450,684,451,704,59,709,
125,666,374,663,374,680,124,683,
288,600,449,598,449,616,288,618,
58,605,182,603,182,620,58,622,
57,583,290,578,291,598,58,603,
298,560,447,557,447,574,298,577,
58,558,216,560,216,579,58,578,
131,518,370,516,370,536,130,538,
56,497,169,498,170,516,57,515,
386,474,446,470,446,488,387,492,
65,476,143,477,142,495,65,494,
386,452,445,451,446,468,387,469,
57,458,186,455,187,472,58,475,
56,434,204,434,204,451,56,451,
383,410,442,405,444,423,385,428,
55,413,248,413,249,430,56,430,
230,373,285,371,285,388,230,390,
384,367,442,365,443,383,385,386,
53,372,175,374,175,391,53,389,
52,349,324,349,324,369,52,369,
227,330,284,328,284,346,227,348,
381,327,442,323,442,341,382,345,
53,331,173,331,173,347,53,347,
52,309,200,309,201,327,53,327,
373,284,430,280,431,299,374,304,
216,286,276,285,276,307,216,308,
51,285,130,288,129,309,50,306,
315,246,438,240,438,257,316,263,
51,247,126,248,125,265,51,264,
333,223,428,218,429,236,335,241,
50,224,281,223,282,243,51,244,
170,201,309,201,308,222,169,222,
245,163,357,161,357,181,245,183,
220,139,378,138,378,158,220,159,
53,136,172,138,171,167,52,164,
201,115,399,115,400,136,201,136,
237,90,363,91,362,112,238,111,