40,811,364,809,363,822,40,824,
83,790,324,789,324,804,82,804,
39,753,371,752,371,769,39,770,
96,732,308,733,308,751,96,751,
235,678,369,678,369,693,235,693,
37,678,143,678,143,695,37,695,
40,661,236,658,236,673,40,676,
245,641,369,640,369,654,245,655,
39,640,175,639,175,656,39,657,
101,602,306,601,307,619,102,620,
38,584,136,583,136,601,38,602,
328,565,369,565,369,580,328,580,
45,567,87,566,87,581,45,582,
313,548,369,547,369,561,313,562,
45,547,113,546,113,563,45,564,
312,529,368,528,369,542,313,543,
40,530,150,529,151,543,41,544,
40,511,165,509,165,522,40,524,
312,490,369,489,369,506,312,507,
39,490,205,489,205,506,39,507,
325,451,368,454,368,469,325,466,
194,453,235,452,236,468,195,469,
35,453,141,453,142,469,36,469,
287,436,320,435,320,449,287,450,
35,434,291,434,291,452,35,451,
311,418,368,417,368,431,311,432,
186,416,234,417,234,432,185,431,
36,417,142,417,142,431,36,431,
177,400,235,399,235,413,177,414,
36,397,176,397,176,414,36,414,
319,380,367,380,367,395,319,395,
186,378,235,380,235,395,185,393,
36,379,141,380,141,395,36,393,
161,362,196,362,196,376,161,376,
35,361,157,361,157,376,35,376,
317,343,367,343,367,359,317,359,
193,344,235,343,235,358,193,359,
35,342,139,343,139,357,34,356,
288,326,319,325,319,339,288,340,
247,325,284,325,284,340,247,340,
35,321,254,323,253,340,34,339,
318,305,368,305,368,322,318,322,
187,305,234,304,234,320,187,321,
35,304,140,305,140,320,34,318,
34,285,101,286,102,300,34,299,
33,265,360,267,359,284,32,282,
310,250,360,249,360,265,310,266,
176,246,227,246,227,265,176,265,
33,245,102,247,102,264,32,263,
261,209,365,211,366,228,261,226,
33,208,98,209,99,226,33,225,
277,192,358,192,358,206,277,206,
33,189,232,189,232,206,32,206,
136,168,258,170,257,188,136,186,
203,137,299,136,299,150,203,151,
186,112,314,115,313,131,186,129,
37,110,137,113,137,134,36,132,
176,90,324,94,324,112,175,108,
194,71,307,72,306,89,194,88,