47,1048,688,1035,689,1074,48,1087,
131,1007,607,1000,608,1031,132,1038,
48,932,699,922,700,962,49,972,
163,893,570,887,569,918,163,924,
353,780,565,778,566,809,354,811,
179,787,365,783,366,810,180,814,
614,746,695,745,695,772,614,773,
52,747,238,746,238,779,53,780,
602,716,693,714,693,737,602,739,
65,715,191,716,190,743,64,742,
602,678,694,676,695,703,603,705,
52,681,266,681,266,708,53,708,
51,646,295,646,295,674,52,673,
605,608,696,606,696,633,605,635,
45,607,370,605,370,637,46,638,
597,539,686,537,687,564,598,566,
37,548,243,543,244,569,38,574,
338,542,431,537,433,565,340,570,
35,504,402,502,403,537,36,539,
578,468,667,466,667,494,578,496,
318,465,415,462,416,499,319,502,
38,468,170,471,169,502,37,499,
483,398,677,397,677,424,483,425,
40,398,167,399,167,430,40,429,
512,365,660,362,661,388,513,391,
42,359,421,361,422,392,42,390,
244,326,467,328,466,356,244,354,
367,261,545,262,546,290,368,288,
347,223,563,224,563,254,347,253,
49,212,246,218,244,264,48,257,
315,185,596,185,596,216,316,216,
318,145,590,145,590,176,317,176,