89,711,446,706,446,727,89,732,
209,684,344,682,345,702,210,704,
43,652,506,645,506,666,43,673,
446,606,512,605,512,625,446,626,
20,611,163,609,163,628,20,630,
438,575,514,574,514,592,438,593,
255,576,303,575,303,597,255,598,
20,575,168,573,169,593,21,595,
440,543,515,542,515,560,440,561,
17,544,121,545,121,569,17,568,
439,502,516,501,517,522,440,523,
17,504,131,505,132,529,17,528,
16,475,102,476,102,500,16,499,
447,433,512,432,512,453,447,454,
321,433,377,432,377,453,321,454,
194,435,236,433,237,452,195,454,
21,435,105,436,105,456,21,455,
322,402,378,401,378,422,322,423,
22,404,144,404,144,425,22,425,
24,375,435,373,435,392,24,395,
443,339,508,338,509,359,444,360,
318,339,374,338,375,360,319,361,
193,341,236,338,238,355,195,359,
22,339,108,341,109,361,23,359,
320,309,376,308,376,330,320,331,
23,310,145,311,145,331,23,330,
24,281,413,279,414,299,25,301,
284,249,495,246,495,267,283,270,
28,248,296,247,295,271,28,272,
136,207,407,207,407,238,136,238,
140,129,394,130,393,153,140,152,
166,92,371,93,371,116,166,115,