22,780,377,788,377,802,22,794,
69,760,335,767,334,781,68,774,
25,722,62,723,61,737,24,736,
57,720,388,726,388,743,56,737,
85,699,315,704,316,721,85,716,
24,640,139,640,139,658,24,657,
240,642,390,646,389,662,239,658,
26,620,238,620,239,637,27,637,
26,598,173,599,173,619,26,618,
248,600,389,602,389,619,248,617,
94,558,317,558,317,579,94,579,
26,539,133,540,133,558,27,556,
345,543,391,544,391,561,345,560,
35,520,107,522,106,539,34,537,
327,522,391,522,391,538,327,539,
27,500,150,501,150,518,28,517,
327,502,391,502,392,519,328,519,
29,479,168,481,167,498,29,496,
29,459,209,461,210,478,30,476,
327,462,391,461,392,478,328,478,
29,422,141,425,141,439,29,436,
189,422,244,421,245,438,190,440,
336,421,392,421,393,440,336,439,
30,402,101,404,100,418,29,416,
27,378,265,382,265,402,27,398,
255,381,367,381,367,398,256,398,
30,361,142,364,141,378,29,375,
191,363,245,361,245,378,191,379,
338,359,393,359,393,377,337,377,
98,343,177,345,177,361,98,359,
29,338,102,343,101,360,28,355,
29,317,102,321,100,342,27,337,
183,321,239,318,239,339,183,342,
331,319,386,318,386,336,331,338,