299,1181,663,1186,663,1210,299,1205,
346,1122,696,1123,696,1151,347,1151,
318,1089,737,1091,737,1121,318,1119,
332,1004,626,1004,625,1032,332,1032,
337,975,486,979,485,1004,335,999,
337,947,417,947,415,971,336,971,
339,921,416,921,416,943,338,942,
323,893,654,890,654,916,324,918,
647,863,732,860,733,884,648,887,
322,866,547,862,547,886,323,890,
627,810,729,806,730,830,627,834,
459,809,527,812,526,832,458,829,
328,815,459,811,460,830,328,834,
631,757,725,758,725,780,631,779,
330,763,410,760,410,780,331,783,
329,735,557,735,558,759,329,759,
384,689,564,689,563,710,383,708,
629,665,716,663,717,683,630,685,
337,666,564,666,564,686,337,686,
450,626,492,625,492,640,450,641,
403,621,457,620,457,640,403,641,
626,605,710,602,711,622,627,624,
486,603,574,603,574,623,486,623,
341,600,401,602,401,622,340,620,
341,580,597,584,597,604,341,600,
344,540,704,544,704,568,344,564,
469,525,702,525,702,544,468,543,
347,521,425,525,424,546,346,543,
348,483,690,488,689,513,348,507,
489,469,662,468,662,486,488,488,
405,467,497,470,496,486,404,483,
407,430,669,434,668,454,406,450,
411,414,662,415,662,434,412,433,
399,394,665,395,664,415,399,414,
423,379,648,379,648,398,424,397,
358,359,689,359,689,379,359,379,
369,341,683,343,683,363,368,361,
367,318,688,322,688,348,366,344,
430,308,636,308,635,327,429,328,
437,294,629,290,630,305,438,310,
484,276,581,276,581,292,484,291,