133,1002,617,999,617,1028,133,1027,
295,971,482,972,482,998,295,998,
66,919,708,921,708,960,66,958,
42,863,352,872,351,901,42,892,
629,864,719,862,719,892,629,894,
36,823,252,823,252,856,36,856,
34,770,249,776,248,810,33,804,
638,777,724,776,725,806,639,807,
35,727,187,732,186,758,34,753,
38,679,338,680,338,712,38,711,
35,628,387,630,387,659,34,657,
370,558,432,560,431,589,369,587,
28,548,246,551,246,581,28,578,
624,560,729,561,729,596,623,594,
30,502,192,507,191,540,29,535,
626,513,728,517,727,548,625,544,
31,459,154,459,154,494,31,494,
289,409,342,409,343,433,291,434,
445,411,538,411,538,442,446,442,
619,414,722,417,721,448,619,445,
53,363,572,372,571,401,52,392,
291,326,347,325,348,349,291,350,
445,327,534,327,534,354,445,354,
628,329,713,332,712,357,627,354,
71,286,566,294,566,320,70,312,
85,249,210,258,208,284,83,275,
246,255,371,254,371,281,246,281,
416,256,520,259,519,285,415,282,
548,259,684,260,684,282,547,282,
224,212,571,215,571,248,224,245,
239,136,548,133,548,159,240,162,
276,109,515,104,515,126,276,130,