16,771,123,799,118,819,10,790,
203,820,315,853,310,869,198,836,
124,796,207,818,201,839,118,817,
21,733,80,749,75,769,16,753,
154,408,414,419,414,436,154,426,
164,358,197,363,195,377,163,372,
409,424,432,427,431,433,409,431,
196,391,440,401,440,419,196,408,
189,358,450,364,450,380,190,375,
219,341,433,346,433,363,219,358,
177,277,265,279,264,298,177,295,
183,262,245,265,244,280,184,277,
230,293,435,292,436,310,231,311,
181,247,284,247,283,265,182,264,
184,231,297,233,297,250,185,248,
186,217,338,215,338,232,187,234,
191,190,280,189,282,203,193,204,
196,161,251,162,252,177,196,175,
194,177,297,173,298,188,195,192,
321,184,372,182,373,198,323,201,
301,174,327,173,328,185,302,187,
455,205,495,205,492,224,455,223,
325,170,367,167,369,183,327,186,
199,136,254,134,254,148,200,149,
317,155,367,152,369,168,318,170,
366,163,427,161,429,180,367,182,
456,171,504,172,500,191,456,190,
201,121,334,113,335,130,203,138,
332,111,359,113,358,125,332,123,
451,140,503,138,505,157,452,159,
211,65,296,64,297,84,212,85,
335,94,399,89,401,108,338,112,
404,116,507,109,509,127,407,134,
419,102,467,99,468,111,421,114,
469,99,501,96,503,108,470,110,
348,56,370,57,371,67,347,66,
343,52,442,62,448,87,345,90,
338,42,364,43,364,54,338,53,