74,773,490,770,489,793,74,796,
127,751,438,748,438,768,126,771,
68,703,499,699,499,726,68,730,
142,680,413,679,414,699,143,700,
149,610,410,607,410,628,149,630,
64,588,190,584,191,605,65,609,
430,562,494,561,494,578,430,579,
75,566,158,564,158,582,75,584,
429,536,495,537,494,555,429,554,
61,541,207,535,209,556,61,562,
63,518,227,515,227,532,63,535,
429,489,492,488,492,506,429,507,
61,492,276,489,276,509,61,512,
428,441,491,440,491,458,428,459,
262,443,315,442,315,460,262,461,
55,442,193,444,193,464,55,462,
318,414,417,418,417,439,318,435,
52,419,327,415,328,436,53,440,
427,392,489,391,489,408,427,409,
252,395,312,393,312,411,252,413,
52,395,189,396,189,413,52,412,
49,368,305,367,305,390,50,391,
414,341,481,339,481,360,414,362,
237,342,303,341,303,366,237,367,
48,340,136,342,136,366,47,364,
349,293,489,287,489,309,350,314,
46,296,130,295,130,313,46,314,
371,268,477,264,478,283,371,286,
42,268,308,269,308,289,43,288,
181,241,340,241,339,263,181,262,
265,194,398,192,398,212,265,214,
225,164,438,163,437,184,225,185,
39,156,181,156,181,191,39,191,
224,132,436,132,435,159,224,159,
213,102,444,103,445,131,213,131,