63,825,430,806,431,823,64,842,
111,803,386,790,386,807,112,820,
63,769,236,759,237,772,64,782,
405,751,435,750,435,764,405,765,
242,759,403,751,403,764,243,772,
127,742,364,731,365,748,128,759,
61,689,176,684,177,698,61,703,
281,678,434,671,435,688,282,695,
61,670,273,660,274,674,61,684,
61,649,279,639,280,655,61,665,
289,621,429,613,430,627,289,635,
58,629,211,623,212,641,59,647,
128,586,357,575,358,594,129,605,
54,569,166,567,167,584,55,586,
371,538,429,533,430,550,372,555,
62,550,276,544,277,561,63,567,
62,531,136,530,137,544,63,546,
371,521,426,514,428,529,373,535,
369,500,427,495,428,511,370,517,
52,512,180,508,181,525,53,529,
55,494,197,490,197,504,55,508,
52,473,240,468,240,484,52,490,
367,461,424,454,426,472,369,479,
219,432,273,430,274,444,220,446,
49,435,167,433,168,449,50,451,
366,422,421,417,423,435,367,440,
180,411,299,410,300,426,181,428,
47,414,188,413,189,429,48,431,
365,384,421,377,422,394,367,401,
48,395,121,396,121,411,48,409,
215,374,270,371,271,388,216,390,
363,365,420,359,422,375,365,382,
46,374,165,374,165,391,46,391,
42,351,377,343,378,369,43,378,
224,336,268,334,268,348,224,350,
369,325,418,319,420,336,371,342,
45,334,163,336,163,353,45,351,
187,318,270,314,270,331,187,335,
276,313,337,310,338,327,276,330,
344,308,384,306,385,324,345,326,
44,315,192,316,191,334,44,333,
203,294,261,291,262,312,204,315,
353,288,408,281,410,300,354,306,
43,293,120,297,118,315,42,311,
298,255,415,243,416,260,300,272,
43,254,116,258,115,275,41,271,
315,235,406,225,407,242,317,251,
39,231,268,235,267,261,38,259,
157,217,291,216,292,236,158,238,
229,183,336,176,337,194,229,201,
194,162,369,150,370,171,194,182,
43,146,160,160,158,188,40,174,
224,141,341,133,342,151,224,159,
193,120,367,104,369,128,195,143,