57,1314,338,1314,338,1342,56,1342,
347,1317,392,1319,391,1340,346,1338,
59,1283,231,1288,230,1312,58,1307,
60,1252,169,1252,168,1276,60,1276,
159,1252,235,1254,234,1278,158,1276,
242,1247,476,1248,476,1277,241,1277,
63,1221,151,1223,150,1247,62,1245,
211,1216,336,1219,336,1244,210,1242,
38,1185,440,1188,440,1217,38,1214,
38,1155,311,1153,311,1182,38,1185,
436,1156,543,1154,543,1183,436,1186,
37,1123,315,1120,315,1148,37,1151,
441,1123,542,1126,541,1152,440,1149,
41,1092,143,1091,143,1117,41,1117,
428,1091,542,1091,542,1116,428,1116,
43,1060,123,1063,123,1087,43,1084,
126,1061,328,1061,328,1085,126,1085,
106,996,342,997,341,1024,107,1023,
46,966,344,963,344,992,46,995,
431,966,544,965,543,991,430,991,
73,905,174,908,173,934,72,931,
369,903,472,900,473,929,369,933,
50,874,126,873,126,898,50,899,
255,873,359,870,361,899,256,902,
443,873,546,872,546,898,443,898,
51,842,227,842,227,866,51,866,
230,840,537,839,538,868,230,870,
52,810,128,810,128,835,52,835,
247,810,359,810,359,835,248,836,
431,808,549,808,549,837,430,838,
52,778,438,776,438,806,52,807,
54,750,130,749,130,774,54,775,
262,748,361,748,361,773,262,773,
432,746,551,744,551,774,433,776,
54,716,366,715,366,743,54,744,
374,718,427,720,426,742,373,740,
421,717,476,719,475,744,420,742,
141,685,256,686,255,712,141,710,
57,656,134,658,133,683,57,682,
254,654,366,656,365,682,253,679,
448,652,552,651,552,681,448,681,
58,624,478,621,478,649,58,652,
58,567,555,560,556,588,59,595,
60,537,161,535,163,560,61,562,
429,539,457,539,457,549,429,549,
229,535,436,528,437,556,231,564,
449,532,555,529,555,553,450,556,
61,474,547,468,547,496,61,502,
137,446,257,442,258,466,137,469,
277,443,384,441,385,463,278,465,
408,440,506,438,506,461,409,463,
138,383,523,377,524,401,138,408,
148,351,512,343,514,371,149,379,
125,319,523,311,523,340,126,349,
164,285,499,280,499,308,165,313,
63,255,567,244,567,276,64,288,
78,225,557,212,558,241,79,255,
69,192,569,180,569,210,70,223,
168,161,492,149,493,173,169,185,
182,127,481,117,482,146,183,157,
255,91,409,89,409,118,256,119,