25,664,387,669,387,687,24,682,
71,643,343,647,343,664,71,660,
27,602,396,606,396,624,27,619,
91,579,325,584,325,601,90,596,
102,518,326,520,326,537,102,536,
31,493,139,498,137,516,29,511,
38,475,112,477,112,494,38,492,
344,480,400,479,401,497,345,498,
33,453,158,456,157,474,32,471,
345,460,399,460,400,476,345,476,
35,434,174,437,174,451,35,448,
34,411,219,417,218,433,33,428,
345,417,403,417,403,435,345,435,
200,374,254,375,254,392,200,391,
33,370,148,375,147,390,32,384,
348,375,403,375,403,393,348,394,
32,348,257,353,257,373,32,368,
259,351,343,355,343,373,259,369,
198,333,255,331,255,350,199,351,
34,328,151,333,150,347,33,342,
349,333,404,334,404,352,348,351,
33,305,303,311,302,332,33,326,
193,288,251,289,250,310,192,309,
36,282,110,287,109,306,34,300,
342,289,399,288,399,307,342,309,
37,242,108,247,108,265,35,261,
289,250,407,249,407,267,290,267,
36,220,258,227,258,247,36,240,
307,229,398,228,399,245,308,247,
154,204,285,207,285,227,153,224,
225,167,333,167,333,185,226,186,
204,143,356,144,356,164,205,163,
42,129,158,138,156,167,41,158,
196,120,370,122,369,140,195,138,
187,94,378,94,378,115,187,116,