53,675,432,667,432,684,53,692,
100,651,384,645,384,663,101,669,
87,609,437,604,437,621,88,627,
54,613,93,612,94,627,55,628,
118,586,363,583,363,601,118,603,
126,525,360,519,360,536,126,542,
51,504,162,502,162,520,51,522,
376,476,436,473,436,491,377,495,
59,483,135,481,135,498,59,500,
377,456,434,455,435,469,378,470,
51,462,180,459,180,476,51,479,
50,439,204,437,203,455,50,457,
375,412,434,411,435,428,376,429,
50,419,240,415,241,432,51,436,
375,370,431,369,432,386,376,387,
221,374,276,373,277,390,222,391,
46,377,165,377,166,391,47,391,
207,350,313,351,312,369,206,369,
46,356,205,353,205,370,46,373,
374,327,430,326,431,345,375,346,
221,329,274,330,275,349,221,347,
46,335,163,333,164,348,47,350,
364,306,413,307,412,325,363,324,
209,306,356,306,355,326,208,326,
171,312,202,312,202,326,171,326,
44,309,169,309,169,329,43,329,
374,284,429,283,430,302,375,303,
209,283,275,285,276,306,209,305,
43,286,120,288,121,309,43,308,
309,241,427,242,428,260,309,260,
43,248,117,247,118,264,44,265,
329,219,427,219,426,238,328,237,
42,223,273,219,273,240,42,243,
162,199,310,196,310,216,163,219,
238,155,350,154,350,172,239,173,
222,128,367,129,366,150,222,150,
40,123,163,126,163,157,40,154,
197,105,390,105,391,126,196,125,
221,78,365,82,365,102,221,99,