38,934,444,937,444,955,38,952,
87,911,396,913,396,932,87,930,
38,864,454,869,454,889,38,884,
109,842,375,846,374,865,108,861,
284,777,455,780,455,798,284,796,
36,774,168,776,167,796,36,794,
39,754,284,754,284,773,39,773,
295,733,455,733,455,752,295,752,
38,730,207,731,207,751,38,750,
116,685,373,687,373,707,116,704,
38,660,159,663,158,683,38,680,
385,645,456,645,456,660,385,660,
47,643,127,643,127,658,47,658,
383,618,457,621,457,641,382,638,
38,618,178,617,178,636,38,637,
40,597,197,597,197,613,40,613,
383,576,456,576,456,595,383,595,
39,573,246,574,246,593,39,592,
393,531,456,531,456,550,393,550,
224,528,286,530,286,550,223,547,
37,531,165,531,165,547,37,547,
34,505,378,507,378,529,33,527,
393,483,457,486,457,506,392,503,
37,486,167,486,167,501,37,501,
223,482,288,485,287,505,222,502,
36,462,238,462,238,480,36,480,
393,439,457,439,457,458,393,458,
225,438,287,438,287,457,225,457,
36,439,164,439,164,455,36,455,
183,417,236,417,236,434,183,434,
36,416,184,416,184,432,36,432,
393,392,457,394,457,414,392,412,
37,394,165,394,165,410,37,410,
234,392,287,392,287,412,234,412,
212,367,298,370,297,390,211,387,
35,371,207,369,207,387,35,390,
393,348,457,350,457,370,392,367,
36,349,164,348,164,364,36,366,
225,347,287,347,287,365,225,365,
285,323,329,327,327,347,283,343,
35,326,168,325,168,343,35,345,
173,325,278,325,278,343,173,343,
385,303,448,303,448,322,385,322,
36,303,118,303,118,322,36,322,
215,299,278,299,278,322,215,322,
324,256,456,256,456,278,324,278,
37,257,115,257,115,276,37,276,
344,235,447,235,447,254,344,254,
35,233,285,234,285,254,35,253,
167,210,316,210,316,232,167,232,
249,168,371,168,371,187,249,187,
212,144,407,144,407,162,212,162,
39,135,169,142,168,172,38,165,
245,118,378,118,378,137,245,137,
211,92,410,89,410,111,211,114,