112,807,142,808,142,818,112,817,
152,796,246,799,246,822,152,819,
247,801,364,801,364,822,247,821,
130,330,414,320,415,343,130,354,
63,301,244,298,244,318,64,320,
413,293,459,290,458,309,413,312,
64,272,251,272,251,292,64,292,
64,248,161,251,160,268,63,265,
401,245,460,244,460,261,402,263,
65,226,230,225,230,243,65,244,
283,226,345,224,345,240,284,243,
402,223,460,221,460,238,402,240,
62,204,154,204,155,221,62,221,
282,204,341,202,342,220,282,221,
397,202,461,200,461,217,398,218,
69,181,151,183,150,199,68,197,
281,181,312,181,311,196,280,196,
370,180,458,177,458,193,370,197,
73,159,331,157,332,177,73,179,
73,140,352,140,352,156,72,155,
73,121,230,122,230,136,73,135,
71,97,369,97,369,114,70,114,
131,78,378,80,379,96,132,94,