24,730,439,732,439,749,24,747,
77,705,390,706,390,724,76,723,
24,654,454,656,454,680,24,678,
96,631,369,633,369,653,96,651,
107,559,369,557,369,578,107,580,
401,535,457,537,457,556,400,554,
24,533,151,531,151,555,24,557,
393,512,457,512,457,529,393,529,
36,512,120,512,120,530,36,530,
394,489,458,489,458,505,394,505,
26,487,172,483,172,504,26,508,
27,462,193,461,193,481,27,482,
395,439,459,439,459,457,395,457,
29,439,241,439,241,456,29,456,
27,392,161,392,161,406,27,406,
223,390,284,390,284,408,223,408,
396,389,461,389,461,407,396,407,
26,364,318,364,318,384,26,384,
311,364,358,364,358,383,311,383,
364,362,419,362,419,383,364,383,
214,339,277,339,277,360,214,360,
25,336,112,340,111,361,25,357,
387,337,453,334,453,356,388,359,
326,289,464,287,464,307,326,309,
26,288,111,288,111,309,26,309,
26,262,287,264,287,284,26,282,
348,264,455,261,455,281,348,284,
165,237,319,237,319,258,165,258,
249,190,377,188,378,208,250,211,
226,161,405,161,405,181,226,181,
32,153,167,158,166,190,30,184,
215,133,420,133,420,153,215,153,
204,102,432,99,432,123,204,126,