67,782,544,783,543,803,67,802,
125,755,484,756,483,777,124,776,
63,703,554,704,554,727,63,726,
146,677,456,678,457,698,146,697,
153,599,455,598,456,622,153,623,
479,574,554,572,555,590,480,592,
60,572,199,573,200,594,60,593,
468,547,553,545,553,562,468,564,
70,547,165,548,164,570,70,568,
478,520,553,518,553,536,478,538,
60,522,222,522,221,543,60,543,
60,493,256,495,256,519,60,517,
473,465,551,461,553,482,475,487,
59,469,299,469,299,491,60,490,
473,413,550,408,551,429,474,434,
284,414,347,415,346,437,283,436,
54,416,206,417,206,438,53,437,
377,384,479,384,479,410,376,409,
53,390,370,386,370,409,53,413,
476,358,549,356,550,377,477,379,
261,358,346,359,346,384,261,384,
51,362,148,363,148,387,51,387,
390,307,545,303,546,324,391,328,
52,312,143,310,144,331,53,333,
413,276,546,276,545,300,412,301,
49,280,345,276,344,302,49,307,
202,248,391,247,391,272,201,272,
298,193,444,194,445,221,298,221,
276,163,465,162,465,190,276,190,
50,165,201,163,202,199,51,200,
245,136,495,130,496,157,246,163,
278,105,459,99,460,127,279,133,