186,861,227,859,228,875,187,877,
5,836,383,818,383,839,6,857,
7,793,150,787,151,812,9,817,
10,767,87,762,90,784,12,790,
333,776,393,774,394,796,333,798,
13,735,91,728,93,752,13,759,
352,715,401,714,402,736,352,737,
21,669,120,667,121,688,21,690,
26,636,195,631,195,653,27,658,
30,590,107,588,107,610,31,612,
33,556,119,555,119,576,33,577,
358,584,418,582,419,604,358,605,
36,530,92,531,92,552,33,551,
356,555,421,555,421,574,357,574,
360,527,425,528,425,546,360,546,
262,470,317,472,316,491,262,490,
375,469,430,469,430,489,375,488,
45,440,288,446,287,463,44,457,
172,413,206,414,205,430,172,429,
270,415,325,416,324,435,270,433,
382,414,436,413,437,432,383,434,
52,381,295,388,295,412,51,405,
277,360,335,361,334,382,277,381,
388,361,444,360,444,378,389,380,
58,326,399,335,398,359,55,350,
190,302,228,303,228,322,190,321,
286,307,343,307,342,326,286,326,
397,306,452,306,452,325,397,325,
63,272,436,279,435,306,60,299,
200,249,238,250,238,268,200,267,
296,253,353,254,353,275,296,274,
404,254,460,253,460,274,405,275,
73,196,156,201,154,222,71,217,
69,222,449,230,449,253,66,245,
178,201,294,202,294,222,178,221,
284,202,457,206,456,227,284,223,
168,168,391,174,390,199,167,193,
183,108,391,114,391,134,183,128,
211,81,376,88,375,108,211,101,