158,1174,787,1140,791,1204,162,1238,
249,1128,720,1104,723,1161,252,1187,
153,1051,797,1022,801,1085,156,1114,
283,1010,683,994,685,1038,284,1054,
288,897,665,883,666,917,289,931,
711,850,789,847,791,877,713,880,
161,867,343,859,344,889,162,897,
694,806,789,809,788,839,693,836,
173,827,298,822,299,851,174,856,
694,768,788,769,789,799,694,798,
159,788,372,776,374,806,160,818,
157,748,415,735,416,765,158,778,
695,697,789,697,789,722,695,723,
151,709,473,698,474,728,153,739,
698,620,788,620,789,647,698,647,
440,632,530,629,531,655,441,658,
139,635,267,630,268,656,140,661,
130,591,605,582,605,619,130,628,
690,542,784,539,785,569,691,572,
435,552,526,549,527,575,436,578,
128,551,341,551,341,579,128,579,
583,509,690,504,691,534,584,538,
382,511,591,508,591,538,382,541,
124,505,375,507,374,542,124,539,
690,460,783,457,784,487,691,491,
412,466,528,466,528,501,412,502,
121,461,257,466,255,500,119,494,
580,383,779,380,779,410,580,413,
118,375,254,382,252,418,117,411,
608,342,776,339,777,369,609,372,
118,339,520,344,520,378,117,373,
337,306,584,305,584,333,336,334,
462,237,648,233,648,267,463,271,
446,198,662,194,663,228,447,232,
125,173,340,187,336,241,121,228,
412,153,696,151,696,187,412,189,
473,111,631,108,631,142,474,146,