476,781,476,761,535,763,535,783,
473,728,475,710,546,715,544,733,
471,837,471,818,530,815,530,834,
469,891,468,872,531,873,531,892,
413,673,414,653,556,657,555,678,
388,328,389,317,429,318,428,329,
356,1006,354,984,479,972,482,995,
331,1004,331,997,347,998,347,1005,
320,872,426,852,430,874,324,894,
306,445,306,419,498,417,498,443,
291,874,287,835,438,821,441,860,
287,1007,287,995,318,996,318,1008,
298,281,297,248,534,238,535,271,
275,929,272,894,433,880,436,914,
286,468,286,443,514,441,514,466,
281,418,280,386,529,386,529,418,
264,367,264,337,555,339,555,369,
239,316,239,283,588,280,588,314,
224,792,225,769,292,771,291,794,
217,777,216,731,518,725,518,772,
224,727,225,708,293,710,292,729,
218,701,219,671,505,682,503,711,
217,510,219,477,437,487,435,520,
215,667,217,644,306,650,304,673,
221,529,222,508,272,509,271,530,
218,557,219,535,294,537,293,559,
215,583,216,562,343,567,342,588,
212,615,212,589,476,599,476,624,