247,459,374,457,374,482,248,481,
24,426,209,423,210,451,24,454,
381,417,458,415,459,438,382,441,
27,391,222,391,221,414,28,413,
28,357,133,357,133,382,29,382,
385,351,460,349,461,374,385,376,
31,327,201,326,201,346,32,349,
283,324,331,325,331,344,283,344,
393,322,462,320,462,341,394,343,
40,289,133,290,133,315,39,313,
372,287,463,288,463,311,372,311,
49,256,332,257,332,281,49,280,
50,224,363,228,362,254,50,251,
55,192,234,199,233,220,54,213,
54,153,394,160,393,189,53,183,
127,122,410,129,410,158,127,151,