117,526,473,509,474,529,118,546,
240,494,374,487,376,508,241,515,
60,462,530,447,531,470,60,485,
474,407,536,404,537,425,475,428,
28,411,192,406,192,430,29,435,
472,371,535,371,535,392,472,393,
24,376,151,378,151,404,23,402,
21,342,119,344,119,372,20,370,
463,299,527,299,528,323,464,323,
332,298,398,299,397,324,331,322,
212,298,258,298,257,320,212,320,
157,298,218,294,219,318,158,322,
28,264,406,269,405,292,27,288,
407,235,511,237,510,258,407,256,
307,232,387,236,386,259,307,256,
224,232,271,231,271,254,224,254,
32,227,140,232,139,255,31,251,
148,187,427,193,426,226,146,220,
152,105,407,114,406,139,151,130,
177,66,383,77,382,101,176,90,