120,981,401,989,399,1018,119,1010,
528,987,579,989,578,1012,527,1010,
274,941,400,946,399,980,273,975,
72,891,397,897,397,926,72,919,
535,898,656,907,653,933,533,924,
60,825,335,838,334,870,58,857,
579,839,662,842,661,869,578,866,
63,786,249,790,247,823,63,819,
68,741,248,748,247,778,67,771,
597,759,656,761,655,776,597,774,
71,704,199,709,198,735,70,730,
75,664,305,665,305,695,75,693,
74,624,361,625,361,651,73,649,
59,561,238,565,238,591,59,587,
551,572,645,571,645,598,551,599,
71,517,248,521,247,548,71,544,
552,531,646,529,647,555,553,557,
73,482,205,487,204,514,72,509,
544,494,644,491,645,516,545,520,
74,448,170,452,169,479,73,475,
421,413,485,412,485,439,421,440,
283,408,330,410,329,433,282,431,
572,413,637,411,638,437,573,440,
91,367,382,379,381,401,90,389,
393,379,459,377,460,403,394,404,
412,343,482,345,481,364,412,362,
286,335,329,337,329,358,286,356,
547,343,632,337,633,361,548,366,
95,292,540,304,539,336,94,324,
106,258,355,271,354,298,104,285,
388,269,475,272,474,298,387,295,
487,272,616,270,617,293,487,295,
223,214,523,228,522,269,221,254,
89,171,128,172,128,191,89,190,
233,137,512,145,510,173,232,165,
260,99,482,102,482,131,259,128,