20,901,69,902,69,917,20,916,
18,871,220,872,219,896,17,894,
19,846,148,846,148,866,19,866,
21,822,88,823,87,841,20,840,
20,798,80,799,80,817,20,816,
17,741,149,738,151,773,19,775,
21,718,140,717,140,734,20,735,
19,696,221,695,222,714,19,716,
16,667,98,665,98,694,17,697,
15,645,81,644,82,661,16,662,
14,626,80,624,80,642,14,643,
13,606,79,605,80,621,14,623,
14,586,95,584,96,601,15,603,
14,569,93,568,94,582,15,583,
13,552,92,550,93,564,14,565,
15,533,101,532,100,545,15,547,
14,515,98,514,99,528,15,529,
13,497,97,497,98,511,13,511,
15,481,105,481,104,494,15,494,
14,465,104,463,104,477,15,478,
14,448,104,449,104,462,14,462,
15,432,135,432,134,447,15,447,
16,403,146,403,147,416,17,416,
16,388,131,388,132,402,17,402,
20,363,86,364,86,375,20,374,
15,347,190,348,190,361,15,360,
16,333,112,332,111,346,16,347,
18,321,91,322,91,333,18,332,
16,307,104,308,104,321,16,320,
14,294,114,294,115,308,14,307,
16,282,52,282,51,292,15,292,
14,268,154,268,154,282,14,282,
18,257,107,259,107,269,18,267,
16,245,68,246,68,257,16,256,
21,221,48,221,48,232,21,232,
122,210,190,211,190,222,122,221,
83,199,112,200,112,210,83,209,
76,180,102,180,102,187,76,187,
224,169,250,167,251,178,225,180,
236,161,250,161,250,168,236,168,
221,149,251,149,251,160,221,160,
217,65,254,65,254,79,217,79,