126,981,446,969,448,1002,127,1013,
223,941,407,929,410,961,225,974,
63,855,199,852,200,894,64,896,
374,849,580,841,581,869,375,877,
69,776,178,771,180,809,71,814,
80,693,210,688,211,722,81,727,
400,724,595,720,596,750,401,753,
515,676,602,675,601,714,515,715,
85,598,189,599,189,641,85,639,
87,555,198,550,199,593,89,598,
512,598,613,599,612,630,512,629,
95,506,202,506,202,552,96,554,
520,516,619,515,619,550,520,551,
154,428,586,436,585,476,154,467,
134,381,591,395,590,440,133,424,
125,258,270,262,269,301,124,296,
538,273,644,276,644,311,538,306,
128,215,244,219,243,259,127,254,
391,222,651,232,650,273,388,262,
136,166,272,176,269,217,133,207,
579,192,653,195,652,229,577,227,
261,47,542,47,542,184,260,184,