227,1061,758,1056,759,1095,228,1100,
766,944,917,942,917,981,766,983,
74,947,353,947,352,995,74,995,
768,871,916,869,916,904,768,906,
419,876,520,874,520,910,419,912,
75,819,409,817,409,851,74,853,
811,744,916,743,916,780,811,781,
419,748,526,746,526,786,419,788,
79,691,481,693,481,732,79,730,
404,627,538,628,538,664,404,663,
725,615,916,615,916,659,725,659,
652,492,915,484,916,518,654,525,
81,492,300,494,301,529,82,528,
313,427,682,416,683,454,314,465,
299,309,700,302,700,329,299,335,
89,252,914,244,914,283,90,291,
301,199,699,194,700,228,302,233,