504,669,600,669,600,687,504,687,
12,665,203,665,203,689,12,689,
4,589,148,593,148,624,3,621,
283,539,354,539,354,572,283,572,
8,535,155,535,155,563,8,563,
0,491,106,491,106,525,0,525,
0,450,68,445,71,478,1,484,
200,393,253,393,253,414,200,414,
356,390,446,390,446,418,356,418,
545,389,607,389,607,419,545,419,
1,351,552,349,552,379,1,381,
529,309,608,309,608,333,529,333,
348,309,435,306,436,334,349,336,
202,310,254,310,254,331,202,331,
1,267,463,271,463,298,1,294,
319,231,419,234,418,260,318,258,
219,234,274,234,274,255,219,255,
155,233,206,233,206,254,155,254,
446,232,589,229,589,252,446,255,
5,227,115,233,113,257,4,251,
127,178,471,184,470,224,126,219,
140,94,442,102,441,125,139,118,
172,56,411,62,410,87,171,81,