219,1187,528,1199,526,1223,219,1211,
109,1153,648,1160,647,1210,109,1203,
275,1125,463,1136,461,1167,273,1158,
112,1091,635,1103,634,1143,111,1131,
89,916,429,916,428,957,89,956,
90,873,411,874,411,915,90,913,
91,838,356,838,356,869,91,869,
547,778,636,781,635,813,546,811,
337,781,420,781,420,814,338,814,
545,738,630,739,630,769,545,768,
340,742,418,742,418,771,340,771,
90,748,212,746,212,773,90,776,
542,698,628,698,628,727,542,727,
90,707,294,701,295,732,91,738,
548,658,630,653,631,681,550,686,
89,673,265,662,267,689,91,700,
539,611,624,608,625,637,540,640,
84,627,208,628,208,659,84,659,
82,594,180,587,181,616,84,622,
474,526,615,522,616,545,475,550,
541,491,613,490,614,513,542,513,
77,521,305,506,306,529,79,544,
416,501,479,497,480,516,417,520,
73,478,184,476,184,503,73,505,
326,464,609,443,611,470,328,491,
147,426,519,402,520,430,149,454,
192,381,467,361,470,388,193,408,
75,345,583,304,585,332,78,372,
195,299,450,286,451,310,197,323,
87,274,563,239,565,269,89,304,
220,188,513,170,516,222,223,241,