71,976,268,970,269,988,72,994,
70,949,321,941,322,963,71,971,
88,921,114,920,114,931,88,932,
132,541,417,540,417,567,132,568,
422,506,501,503,502,526,423,529,
72,504,251,506,251,531,72,529,
74,472,259,476,258,499,74,495,
422,444,500,441,501,464,423,467,
72,440,172,444,171,470,72,466,
425,413,502,413,502,435,425,436,
268,413,400,410,401,436,269,439,
75,414,212,416,212,438,75,436,
438,386,499,384,500,403,439,405,
313,386,364,388,364,408,313,407,
74,386,231,388,231,410,74,408,
406,356,499,353,500,372,406,375,
81,352,167,356,166,379,80,375,
86,322,362,325,361,351,86,347,
88,296,390,301,390,323,87,319,
89,269,261,273,261,294,88,290,
86,234,419,237,418,265,86,262,
154,205,432,204,432,236,154,237,