310,1292,478,1303,477,1323,309,1312,
574,1308,637,1312,636,1321,573,1317,
640,1306,710,1305,711,1324,641,1326,
749,1299,819,1299,820,1328,750,1330,
359,1220,754,1229,754,1268,359,1258,
325,1185,807,1200,807,1234,324,1219,
347,1086,680,1101,678,1134,345,1119,
351,1055,519,1070,517,1095,348,1079,
352,1025,441,1031,439,1057,350,1051,
356,995,443,1001,441,1025,354,1019,
334,963,713,978,711,1004,333,989,
333,932,598,941,597,970,332,960,
735,946,810,950,809,975,734,972,
338,903,437,906,435,930,337,928,
711,914,810,920,808,945,709,940,
341,870,420,879,417,903,338,894,
407,874,611,885,610,910,405,899,
403,818,622,827,621,851,402,842,
348,785,623,796,623,820,348,809,
712,799,805,802,805,828,712,825,
355,732,425,736,423,757,354,752,
543,739,637,739,637,764,543,763,
712,744,804,746,803,772,711,769,
354,703,804,721,802,745,353,727,
357,649,802,665,802,691,357,675,
361,625,453,628,452,652,359,650,
513,633,695,635,694,660,512,657,
708,636,799,637,799,661,708,660,
362,573,785,585,785,609,362,597,
434,548,548,555,548,576,433,569,
540,554,651,557,651,577,539,574,
648,557,752,552,753,577,649,581,
431,496,763,495,763,530,431,530,
439,469,755,464,757,501,441,507,
418,442,761,431,763,475,419,484,
455,421,736,409,738,443,457,456,
367,392,785,369,787,417,370,441,
378,369,775,343,777,386,380,412,
374,347,780,315,783,355,378,385,
464,327,714,294,718,318,467,351,
471,297,705,264,709,294,476,327,
526,262,649,249,652,275,529,288,