34,764,315,759,316,773,34,778,
273,741,321,741,321,755,273,755,
161,741,192,741,192,756,161,756,
20,740,109,740,109,753,20,753,
20,727,82,727,82,738,20,738,
273,724,321,724,321,738,273,738,
17,703,83,707,83,721,16,717,
274,702,321,702,321,716,274,716,
15,686,69,689,68,703,14,700,
19,666,71,670,70,685,18,681,
278,668,320,668,320,682,278,682,
202,668,237,668,237,683,202,683,
202,650,237,650,237,664,202,664,
20,648,94,653,93,668,19,663,
19,633,282,632,282,646,19,647,
17,611,69,613,68,626,16,624,
199,611,237,611,237,625,199,625,
121,611,150,611,150,625,121,625,
279,610,320,610,320,624,279,624,
17,594,92,594,92,608,17,608,
200,592,237,590,238,605,201,607,
16,574,279,572,280,586,16,588,
122,552,150,552,150,565,122,565,
278,550,320,550,320,564,278,564,
200,550,236,550,236,565,200,565,
14,532,306,529,306,546,14,549,
15,512,66,512,66,526,15,526,
274,510,318,507,319,522,275,525,
199,509,235,509,235,524,199,524,
15,495,90,495,90,506,15,506,
200,491,236,491,236,504,200,504,
13,473,310,470,310,487,13,490,
276,450,317,450,317,465,276,465,
190,451,233,448,234,463,191,466,
121,451,146,451,146,463,121,463,
14,433,318,430,318,444,14,447,
274,409,316,407,317,422,275,424,
193,409,234,409,234,423,193,423,
120,410,146,410,146,422,120,422,
11,392,268,390,268,404,11,406,
276,368,318,368,318,383,276,383,
197,368,233,368,233,382,197,382,
119,369,145,369,145,381,119,381,
11,350,245,350,245,364,11,364,
277,327,318,327,318,341,277,341,
192,327,234,327,234,341,192,341,
8,306,241,307,241,322,8,321,
275,286,319,286,319,299,275,299,
190,286,234,286,234,299,190,299,
5,263,309,264,309,282,5,281,
277,242,320,242,320,257,277,257,
190,242,233,242,233,257,190,257,
4,220,312,221,312,239,4,238,
278,199,321,199,321,213,278,213,
191,199,234,199,234,213,191,213,
116,199,141,199,141,211,116,211,
2,176,261,177,261,195,2,194,
276,156,321,156,321,171,276,171,
189,156,234,156,234,170,189,170,
115,156,140,156,140,168,115,168,
2,134,302,135,302,152,2,151,
90,117,228,117,228,131,90,131,
7,115,71,118,70,132,7,129,
238,116,311,116,311,130,238,130,
76,93,254,94,254,111,76,110,
82,51,244,51,244,64,82,64,
100,34,228,34,228,44,100,44,