472,1357,512,1358,512,1373,472,1372,
445,1356,472,1357,472,1366,445,1365,
406,1328,582,1337,581,1362,404,1351,
338,1295,591,1301,591,1320,338,1314,
297,1290,346,1294,345,1310,296,1305,
297,1273,448,1280,447,1299,296,1291,
589,1278,644,1279,643,1299,588,1298,
293,1253,451,1259,451,1279,292,1273,
442,1256,612,1256,613,1276,443,1276,
294,1239,371,1241,371,1256,294,1254,
420,1239,534,1236,534,1255,421,1258,
270,1211,623,1213,624,1237,271,1236,
269,1195,510,1195,510,1215,269,1215,
613,1193,710,1195,709,1215,612,1213,
265,1171,509,1173,509,1197,265,1195,
618,1173,710,1172,710,1194,618,1195,
268,1138,487,1143,486,1163,267,1158,
591,1141,713,1143,712,1162,590,1160,
266,1104,355,1109,355,1129,265,1124,
596,1105,712,1104,711,1128,597,1129,
266,1080,522,1086,521,1110,265,1104,
322,1051,530,1055,529,1075,321,1071,
263,1022,533,1031,533,1055,263,1046,
597,1030,714,1029,715,1053,597,1054,
441,980,544,982,544,1006,441,1004,
264,978,331,980,331,1001,264,999,
609,981,714,982,714,1007,610,1007,
262,952,714,961,713,985,261,976,
443,935,542,937,542,957,443,955,
264,927,332,933,331,954,263,949,
609,937,713,936,714,960,610,962,
585,913,713,916,712,936,584,933,
263,905,596,912,595,936,262,929,
405,887,458,889,458,909,405,907,
283,885,376,885,376,907,283,906,
338,864,377,865,376,881,337,880,
264,861,335,863,334,884,263,882,
608,866,717,868,716,892,607,890,
438,862,546,864,545,888,437,886,
258,835,554,841,555,865,258,860,
543,840,714,842,714,868,543,866,
263,815,333,817,332,837,262,835,
438,815,545,817,544,841,437,839,
609,818,717,820,716,844,608,842,
259,790,557,794,557,818,259,814,
544,793,712,796,712,820,544,817,
263,770,333,772,332,792,262,790,
452,771,545,773,544,793,451,791,
607,771,711,770,711,794,607,795,
260,744,545,746,545,770,260,769,
533,748,712,747,712,771,534,772,
283,725,374,727,373,747,282,745,
549,723,645,725,644,749,548,747,
261,701,330,699,331,720,262,722,
448,702,539,700,540,722,449,723,
617,698,710,700,710,725,617,723,
257,675,567,676,566,700,257,699,
570,676,710,674,710,699,570,700,
259,655,329,657,329,677,259,675,
446,652,539,651,540,675,447,676,
617,651,710,653,710,678,617,676,
256,628,709,628,708,653,255,654,
334,607,393,605,394,626,335,629,
255,584,325,586,324,607,254,605,
422,582,541,581,541,605,422,606,
594,581,708,581,708,605,593,605,
251,558,708,557,707,581,251,582,
265,511,472,509,472,533,266,536,
571,508,708,511,707,535,570,532,
283,485,345,486,344,512,282,511,
407,482,707,481,708,511,407,512,
287,445,695,449,695,478,287,475,
374,422,616,424,616,448,375,446,
312,386,650,394,650,418,312,410,
276,359,683,367,682,395,275,388,
356,337,580,343,580,368,356,361,
263,311,683,318,682,347,262,339,
324,289,613,297,613,322,324,313,
345,270,601,276,600,296,344,290,
310,243,623,248,623,273,310,269,
502,206,541,207,541,217,502,216,
394,203,432,204,432,214,394,213,