4,783,208,781,208,812,4,814,
4,745,131,743,132,771,4,773,
8,703,131,703,131,728,8,727,
7,664,87,666,86,687,6,685,
12,620,184,621,184,649,12,648,
15,582,237,587,237,611,15,606,
14,528,129,530,128,554,13,551,
423,541,473,543,472,566,422,564,
220,500,268,499,269,523,221,524,
15,491,136,493,136,515,14,513,
408,506,475,508,474,530,407,528,
16,461,91,461,92,485,15,485,
406,473,475,473,475,496,406,495,
18,422,105,426,104,447,17,443,
401,432,478,432,477,453,402,453,
19,394,78,393,78,415,18,416,
168,363,207,362,208,381,168,382,
284,366,339,365,339,386,284,387,
21,354,87,357,86,375,20,372,
404,366,473,364,473,386,405,388,
286,340,338,339,338,358,286,359,
22,319,124,329,122,351,21,341,
24,291,441,305,440,343,22,328,
172,280,208,282,208,297,172,295,
273,282,334,284,334,303,272,301,
397,281,463,280,463,298,398,299,
26,237,368,256,365,286,25,268,
173,226,210,228,209,246,172,244,
274,229,333,231,333,250,273,248,
394,228,455,230,454,247,393,245,
28,184,450,202,448,239,27,221,
30,156,447,177,445,218,28,197,
126,146,361,154,360,179,125,171,
136,90,347,101,347,119,135,108,
159,63,327,75,327,95,157,83,