172,841,639,826,640,854,173,869,
330,804,510,799,510,827,331,831,
104,756,719,745,719,779,105,791,
642,693,725,691,725,719,643,720,
397,696,458,695,458,725,397,725,
73,696,276,692,276,720,73,724,
642,651,724,647,726,675,644,679,
67,652,213,652,214,687,67,687,
639,596,723,592,724,621,640,625,
65,596,225,599,223,634,64,630,
61,557,197,559,197,591,60,589,
633,506,719,502,721,531,635,535,
471,503,542,503,542,531,471,532,
307,504,362,502,363,527,308,529,
72,501,186,504,185,532,71,529,
471,461,543,461,544,489,472,489,
70,456,237,459,236,490,69,487,
72,416,683,422,682,451,71,446,
642,373,713,373,713,403,642,403,
466,373,538,373,538,403,466,403,
302,372,357,371,356,397,302,397,
68,324,539,335,538,364,68,354,
554,289,691,291,691,319,554,317,
422,285,526,289,525,322,420,319,
315,286,424,287,424,315,314,314,
75,281,209,285,207,316,75,311,
216,224,582,231,582,278,215,270,
221,116,559,125,559,159,219,149,
254,63,528,77,527,107,253,92,