131,714,309,714,309,728,131,728,
135,688,305,690,305,708,135,705,
34,653,232,653,232,670,34,670,
209,624,284,627,284,645,208,643,
349,601,402,601,402,618,349,618,
165,598,283,600,283,619,165,616,
348,575,402,575,402,592,348,592,
195,572,285,575,285,595,194,592,
195,548,284,548,284,565,195,565,
347,521,401,521,401,540,347,540,
160,519,282,521,282,540,160,537,
347,478,400,478,400,495,347,495,
34,478,87,478,87,495,34,495,
35,453,116,453,116,471,35,471,
346,428,400,428,400,445,346,445,
36,429,88,429,88,443,36,443,
36,404,169,404,169,421,36,421,
314,379,400,379,400,396,314,396,
34,377,98,377,98,394,34,394,
32,329,88,327,89,345,33,347,
34,305,74,305,74,323,34,323,
34,279,125,284,124,302,33,297,
138,251,303,253,303,270,138,268,
66,225,373,230,373,250,66,245,
127,202,312,206,312,226,127,223,
127,166,312,167,312,188,127,187,
82,138,360,140,360,163,82,161,
37,113,404,113,404,138,37,138,
174,82,269,82,269,110,174,110,