45,656,163,660,162,681,45,677,
48,621,203,618,203,642,49,645,
45,585,316,583,316,607,45,608,
503,532,596,531,596,556,503,557,
301,532,351,530,352,552,302,554,
37,527,205,527,205,551,37,552,
503,493,596,494,596,519,504,518,
35,493,163,497,162,522,35,518,
35,460,132,461,131,489,35,488,
527,417,592,414,593,439,528,442,
375,416,436,415,436,438,375,439,
236,418,280,418,280,436,236,436,
42,380,406,381,405,408,43,407,
500,342,590,342,590,367,500,367,
348,342,437,342,437,366,348,366,
238,344,282,343,283,363,239,364,
44,307,570,308,570,335,45,334,
456,274,575,272,575,294,456,295,
340,272,430,274,430,301,340,298,
252,274,302,274,302,296,251,296,
52,271,185,278,184,300,52,292,
170,223,478,225,478,261,170,258,
176,136,466,134,466,161,177,163,
207,93,441,93,441,119,207,119,