127,983,175,982,175,993,127,994,
55,985,78,984,78,992,55,993,
51,960,256,954,257,972,52,978,
53,935,102,933,102,949,53,951,
166,709,263,710,263,725,165,724,
186,693,245,694,245,709,185,708,
195,678,228,677,229,692,196,693,
143,660,283,662,283,678,142,676,
116,614,205,614,206,629,117,629,
118,590,205,591,205,604,118,604,
119,574,199,576,200,591,119,589,
120,560,161,559,161,574,120,575,
231,543,313,544,312,560,230,559,
119,540,204,542,203,561,118,559,
285,516,311,515,311,528,285,529,
223,513,275,515,274,530,222,528,
162,513,212,514,211,529,161,528,
120,514,155,513,155,527,120,528,
279,501,313,500,313,512,279,513,
165,500,210,498,211,513,165,515,
222,482,260,484,260,499,221,497,
185,486,212,485,212,497,185,498,
218,470,252,469,252,484,218,485,
172,469,218,468,218,483,172,484,
122,452,167,454,167,469,122,467,
139,438,213,439,212,454,138,453,
276,425,312,424,312,439,276,440,
224,411,311,409,312,424,225,426,
179,410,215,409,216,425,180,426,
241,399,310,397,310,408,241,410,
224,380,310,381,310,395,224,394,
124,376,191,379,191,397,124,394,
226,366,311,366,311,381,226,381,
126,361,171,363,170,379,124,377,
149,314,284,322,283,345,147,336,