281,816,394,817,394,831,282,830,
14,787,191,786,192,803,13,803,
347,784,401,785,401,803,347,801,
14,766,135,764,135,781,13,783,
14,738,134,740,134,758,13,755,
361,737,405,737,406,756,362,756,
14,714,100,716,100,733,13,731,
18,689,153,690,153,707,17,706,
17,663,213,663,213,680,16,680,
12,620,135,619,135,639,12,640,
202,623,242,621,242,640,202,642,
349,622,413,622,413,640,349,640,
13,598,105,602,105,620,13,616,
350,595,413,596,412,614,350,613,
12,575,82,576,83,594,12,593,
251,542,304,541,304,559,251,560,
358,541,411,541,410,559,357,559,
25,519,326,516,326,533,24,536,
165,491,197,492,196,507,164,506,
252,491,306,491,306,508,252,508,
358,490,413,491,412,509,357,508,
28,467,333,467,333,484,27,484,
264,440,309,439,309,457,264,457,
362,439,415,441,414,459,361,457,
30,415,301,414,301,434,29,435,
266,389,311,389,311,407,266,408,
364,389,416,391,415,409,363,407,
32,362,283,364,283,384,31,382,
172,337,204,339,203,354,171,352,
268,337,313,337,313,356,268,356,
373,339,418,337,419,356,373,357,
34,310,401,311,400,334,33,332,
262,287,316,289,315,306,261,304,
367,288,421,287,420,305,367,306,
37,257,307,263,306,283,36,278,
263,236,319,236,319,254,263,254,
367,236,424,234,425,256,367,257,
38,203,387,212,386,236,37,227,
47,178,124,185,122,203,45,196,
185,185,229,183,229,201,185,203,
238,185,415,188,414,208,238,204,
132,152,349,158,348,181,131,176,
140,89,342,95,341,116,139,110,
163,64,324,68,324,86,163,81,