37,678,388,677,388,701,36,702,
81,657,343,656,344,677,81,678,
37,617,362,613,361,634,36,638,
96,594,321,593,322,613,97,614,
243,532,385,532,385,549,243,549,
36,536,148,533,148,550,36,553,
37,515,251,510,251,527,37,532,
252,489,383,489,383,506,252,506,
37,493,178,491,178,508,38,510,
102,450,314,447,314,465,103,468,
37,430,137,430,137,448,36,448,
337,409,380,408,380,423,337,424,
45,413,88,413,88,427,45,427,
326,388,379,387,380,404,327,405,
45,393,111,392,112,406,46,407,
326,369,376,368,376,382,326,383,
39,373,151,371,151,385,39,387,
40,353,174,351,175,365,40,367,
323,329,375,326,375,341,324,344,
37,332,208,329,208,346,37,349,
321,289,373,288,374,305,322,306,
186,292,238,291,239,308,187,309,
36,296,141,294,142,308,37,310,
248,273,283,273,283,288,248,288,
166,275,243,274,243,288,166,289,
35,274,169,273,168,290,34,291,
180,252,237,253,237,271,179,270,
320,250,371,246,373,264,321,268,
35,253,103,254,102,271,34,270,
262,215,369,210,369,227,263,232,
36,216,101,216,101,233,35,233,
278,195,367,191,368,207,278,211,
35,197,235,197,235,214,34,214,
137,176,265,176,264,194,137,194,
202,142,297,140,298,154,203,156,
189,124,310,121,310,135,189,138,
36,117,140,118,140,143,35,142,
167,101,331,97,331,114,168,118,
188,82,307,79,308,93,189,96,