190,672,504,714,502,734,187,692,
284,659,406,674,404,696,281,681,
152,613,571,656,569,679,150,636,
134,568,252,577,249,598,132,589,
497,601,581,608,578,633,494,625,
133,540,222,551,220,573,130,562,
132,513,197,518,195,542,129,536,
496,565,579,570,577,595,495,590,
379,484,431,486,431,509,378,508,
500,487,571,490,569,516,499,514,
138,447,473,455,473,477,138,468,
366,417,427,417,428,440,367,440,
492,417,566,416,566,441,492,442,
137,388,538,384,537,408,138,413,
373,352,424,349,425,372,374,375,
499,346,561,345,561,371,500,371,
137,331,467,318,468,341,137,354,
370,288,420,285,422,308,372,311,
136,272,362,260,364,282,138,293,
497,277,555,275,556,301,498,304,
369,223,419,222,418,244,370,245,
141,189,218,184,219,205,143,209,
494,213,547,210,548,233,495,235,
235,180,327,173,329,195,236,203,
134,211,509,181,512,216,137,246,
338,168,500,153,503,179,341,194,
216,139,445,122,447,157,219,175,
219,73,422,52,425,80,222,102,
238,38,314,37,314,67,239,68,