13,769,437,771,437,791,13,789,
67,741,388,744,387,765,66,762,
14,686,451,690,451,716,13,712,
89,660,366,662,366,685,89,683,
104,581,367,581,367,605,104,604,
21,555,148,554,149,576,21,578,
31,529,118,530,118,551,31,550,
390,534,452,535,452,553,390,552,
393,509,453,510,452,527,392,526,
23,503,171,502,171,524,23,526,
25,477,191,477,191,498,26,498,
28,452,241,456,240,475,27,471,
392,458,452,457,452,476,392,476,
27,403,162,405,162,422,27,420,
222,404,284,405,284,426,222,425,
391,406,453,407,453,428,391,427,
28,347,446,356,446,380,28,371,
384,331,447,332,446,352,383,351,
32,321,116,326,114,348,30,343,
214,326,278,327,277,351,213,350,
326,281,456,282,455,300,325,299,
35,273,117,277,115,296,33,293,
346,256,446,256,446,274,346,274,
34,248,288,256,288,276,34,268,
168,225,318,230,318,251,168,246,
251,182,374,182,374,202,252,202,
237,153,393,153,392,174,236,173,
47,143,174,150,172,176,45,170,
224,125,408,128,408,149,224,146,
245,98,387,97,386,120,245,120,