223,673,279,676,279,690,222,687,
144,317,345,308,347,329,146,338,
91,291,224,290,224,308,92,309,
90,269,228,269,228,285,90,285,
89,247,160,251,159,265,88,261,
84,229,205,230,205,244,84,243,
222,229,294,229,294,246,223,246,
82,209,185,211,184,227,82,225,
242,213,291,211,291,226,242,227,
78,191,163,192,163,207,78,206,
239,195,285,194,285,208,239,209,
75,171,161,174,160,190,74,186,
214,176,283,176,283,193,214,193,
321,176,355,178,354,194,320,192,
73,150,142,156,140,171,72,164,
203,159,230,161,229,172,202,170,
235,160,260,162,259,172,234,171,
270,160,354,160,354,174,269,174,
78,132,273,142,272,159,77,149,
78,117,286,129,285,143,77,131,
73,99,197,110,196,123,72,112,
72,80,296,94,295,112,71,98,
117,66,302,80,300,97,116,84,