94,401,357,399,357,422,94,424,
365,362,438,363,438,385,364,384,
37,366,199,364,199,385,37,387,
35,333,208,335,209,355,35,354,
363,302,437,303,437,325,362,323,
33,303,127,302,127,326,33,327,
370,276,437,275,437,293,370,294,
36,278,153,277,153,297,36,298,
252,276,309,276,309,294,252,294,
44,244,124,247,123,268,43,265,
347,244,439,243,439,263,347,264,
49,219,306,217,307,237,50,239,
51,194,331,191,331,208,51,211,
50,166,212,166,212,183,50,183,
49,133,361,130,361,153,49,156,
114,105,373,103,374,125,115,127,