119,551,518,551,518,576,119,576,
249,523,403,521,403,546,249,548,
60,483,589,486,589,511,60,508,
520,443,595,443,595,464,520,464,
299,436,361,436,361,462,299,462,
31,435,204,435,204,457,31,457,
518,405,595,405,595,430,518,430,
26,400,164,404,163,430,25,425,
23,368,124,368,124,394,23,394,
515,332,591,332,591,354,515,354,
365,332,439,332,439,353,365,353,
231,324,278,324,278,347,231,347,
29,290,424,298,424,323,29,314,
452,261,577,261,577,286,452,286,
336,259,427,262,427,287,335,285,
244,259,295,259,295,282,244,282,
35,253,149,259,148,280,34,274,
157,205,476,215,474,253,155,243,
160,120,458,127,458,152,160,144,
192,82,430,88,430,112,192,107,