51,767,501,768,501,788,51,788,
107,738,447,739,447,763,107,761,
51,686,510,688,510,713,50,711,
128,658,419,661,420,684,129,681,
352,585,415,585,416,603,353,603,
265,585,356,584,357,601,266,602,
139,581,273,582,274,602,140,602,
51,557,182,555,182,576,51,578,
440,531,507,533,506,552,439,550,
61,530,151,532,151,552,60,551,
440,506,507,506,507,525,440,525,
52,505,204,503,204,525,52,527,
53,480,235,478,235,498,53,500,
437,453,505,453,505,472,437,472,
52,452,276,453,276,473,51,473,
435,402,504,401,505,422,436,423,
254,404,318,403,319,421,255,422,
48,402,179,403,180,421,48,421,
345,377,408,376,408,398,345,399,
414,375,481,374,481,396,414,397,
47,375,342,373,342,398,47,399,
437,348,503,348,503,369,437,369,
243,348,319,350,318,372,243,371,
48,347,137,350,136,372,47,370,
359,298,501,297,501,317,359,318,
46,298,135,299,135,320,45,319,
382,271,501,270,501,291,382,292,
46,271,317,273,316,294,45,293,
188,244,361,245,361,266,187,265,
276,196,407,195,407,216,276,217,
259,166,426,166,426,187,259,187,
50,161,190,162,189,194,49,194,
229,137,455,135,455,157,230,159,
256,106,425,107,425,128,256,127,