133,868,269,871,268,888,133,885,
24,868,115,870,114,883,25,881,
32,843,72,842,72,853,32,854,
90,784,450,786,451,803,91,801,
135,765,405,769,404,785,134,781,
419,734,455,733,455,747,419,748,
122,730,426,733,425,747,122,744,
90,732,117,732,117,744,90,744,
148,709,384,713,384,730,148,726,
300,656,456,657,455,674,300,672,
80,655,197,655,197,672,80,672,
78,633,300,633,301,653,78,653,
308,617,453,618,452,635,307,634,
77,616,229,616,229,633,77,633,
321,582,375,580,375,594,321,596,
145,578,327,579,326,596,145,595,
72,557,181,559,180,577,71,575,
400,539,452,540,451,558,400,557,
78,542,124,540,125,555,79,557,
391,522,448,522,448,537,390,537,
77,521,150,521,149,537,77,537,
391,501,448,501,448,518,391,518,
66,501,194,500,195,516,66,517,
66,480,211,480,210,497,65,497,
389,462,447,460,448,477,390,479,
64,459,253,462,253,479,64,476,
388,420,447,418,448,436,389,438,
239,418,289,420,289,438,239,436,
57,420,177,422,177,439,57,436,
310,399,427,398,427,415,309,416,
229,399,308,399,307,416,229,416,
56,399,224,401,224,418,55,417,
388,377,446,377,446,394,387,394,
230,379,286,378,286,395,231,396,
55,379,174,381,173,397,54,395,
51,357,211,357,211,377,51,377,
396,337,444,335,444,350,396,352,
234,336,284,335,284,353,234,354,
50,337,171,339,170,355,49,354,
191,313,244,316,244,334,191,331,
46,315,200,315,200,333,47,333,
376,290,435,291,434,310,375,308,
213,293,275,291,275,312,213,314,
46,293,123,294,122,314,45,312,
315,248,441,247,442,265,316,266,
41,250,116,250,117,268,42,268,
335,225,432,225,432,243,334,243,
39,227,278,226,277,246,39,247,
160,202,305,202,305,222,160,223,
237,160,355,159,356,180,237,181,
218,136,373,135,373,156,219,157,
30,131,159,130,159,162,30,163,
202,109,386,108,385,129,201,130,
204,82,383,82,382,102,204,103,