117,749,494,741,494,765,116,773,
241,718,388,719,388,743,241,742,
70,685,562,681,563,705,70,709,
500,637,571,637,571,659,499,659,
299,640,347,638,347,661,299,663,
46,639,203,636,203,656,46,659,
500,603,572,603,572,625,499,625,
42,607,153,606,152,631,41,632,
500,561,571,559,571,581,500,583,
44,563,158,566,157,591,42,588,
43,535,133,532,133,557,43,560,
494,485,568,483,568,508,494,510,
363,488,420,486,420,508,363,510,
231,490,273,488,273,507,231,509,
52,459,538,452,538,475,52,483,
496,417,566,415,566,437,496,439,
360,419,419,417,419,439,360,441,
52,392,387,387,386,407,52,412,
494,346,566,344,566,365,494,367,
360,351,419,346,420,369,362,374,
232,352,274,351,274,370,232,371,
52,352,139,354,138,375,51,373,
360,318,422,313,424,338,362,343,
52,320,179,323,179,344,52,341,
51,289,372,288,373,312,52,313,
322,254,410,252,411,276,323,278,
188,259,292,256,293,276,189,279,
433,251,550,246,551,267,434,272,
58,256,197,260,197,281,58,277,
171,216,454,208,455,238,172,246,
177,135,442,128,442,151,178,158,
203,93,417,90,416,113,203,116,