103,781,344,767,345,790,105,804,
195,756,297,754,298,772,195,774,
67,737,342,724,343,744,68,757,
54,704,225,695,226,712,56,721,
52,681,172,671,174,691,54,701,
53,654,169,649,169,666,54,671,
53,630,135,627,135,641,53,644,
54,604,184,599,184,615,54,620,
53,580,238,572,238,586,53,594,
44,538,162,533,163,550,45,555,
44,514,125,510,126,528,45,531,
44,478,135,479,134,499,44,497,
45,456,110,456,110,474,44,474,
272,421,314,419,315,437,273,439,
50,401,328,396,329,413,50,418,
270,370,313,368,314,386,271,388,
178,370,210,370,210,386,178,386,
46,372,151,371,152,388,46,389,
271,346,313,344,314,362,272,364,
46,347,140,347,141,365,46,365,
47,324,324,322,325,339,47,341,
262,295,311,293,312,311,263,313,
45,270,323,270,324,290,45,290,
260,244,309,242,310,260,261,262,
175,245,207,243,207,258,175,260,
43,218,321,220,322,240,42,238,
47,193,304,195,304,215,46,213,
128,162,317,164,317,188,128,186,
129,98,316,100,317,120,128,118,
150,69,306,71,304,91,149,88,