57,526,163,504,168,524,61,545,
57,504,135,491,138,508,60,521,
57,486,181,459,185,477,61,503,
361,457,412,447,415,465,364,475,
56,468,154,446,158,463,60,485,
398,430,408,430,408,441,398,441,
56,439,140,421,144,439,60,456,
46,418,61,418,61,426,46,426,
56,414,98,409,101,426,58,432,
348,419,405,407,408,425,352,437,
345,403,401,391,405,407,349,419,
57,400,155,379,159,395,60,416,
41,382,57,382,57,395,41,395,
196,378,210,372,217,387,203,393,
341,374,396,362,399,379,345,391,
75,367,149,358,151,377,78,387,
239,364,288,354,292,373,243,383,
192,345,212,345,212,361,192,361,
32,354,119,339,122,356,36,371,
342,342,391,332,394,349,345,359,
238,334,278,326,282,344,241,352,
32,339,143,314,147,332,36,357,
338,312,383,301,387,320,343,330,
153,277,176,274,178,287,155,290,
214,262,242,258,244,274,216,278,
32,321,366,244,370,262,36,339,
85,272,307,223,311,241,89,290,
71,249,314,195,320,219,76,273,