165,854,336,847,336,862,165,868,
387,847,405,847,405,855,387,855,
166,841,197,838,198,851,167,854,
398,831,407,831,407,842,398,842,
165,825,281,818,281,833,165,840,
398,816,407,816,407,829,398,829,
165,810,241,804,242,819,166,825,
397,801,408,801,408,813,397,813,
163,795,205,791,207,806,165,810,
272,788,281,788,281,802,272,802,
163,780,203,777,204,793,165,796,
270,775,283,775,283,790,270,790,
161,743,247,739,248,764,163,768,
347,739,403,737,404,756,348,759,
165,727,239,723,240,738,165,742,
342,721,401,718,402,733,343,736,
164,712,289,708,290,723,164,727,
341,706,397,704,398,719,342,721,
162,694,215,690,216,710,164,714,
340,687,399,685,400,704,341,706,
163,676,203,673,204,688,165,690,
266,671,279,671,279,687,266,687,
390,669,398,669,398,679,390,679,
164,663,202,660,203,673,164,675,
267,658,277,658,277,671,267,671,
389,655,398,655,398,667,389,667,
165,649,204,649,204,660,165,660,
267,644,277,644,277,657,267,657,
388,642,397,642,397,652,388,652,
163,634,214,631,215,645,163,648,
267,631,277,631,277,643,267,643,
387,628,396,628,396,638,387,638,
163,621,212,618,213,630,163,633,
364,612,396,612,396,627,364,627,
163,607,215,607,215,619,163,619,
266,605,275,605,275,615,266,615,
360,598,395,598,395,613,360,613,
164,593,218,593,218,605,164,605,
266,593,274,593,274,601,266,601,
359,586,394,586,394,601,359,601,
162,579,218,578,218,590,162,591,
356,572,394,572,394,587,356,587,
162,567,218,564,219,576,162,578,
260,561,274,561,274,576,260,576,
353,560,391,560,391,572,353,572,
163,553,221,549,222,561,163,564,
260,548,274,548,274,562,260,562,
340,546,392,544,392,559,341,561,
162,539,222,536,222,548,162,551,
261,535,271,535,271,546,261,546,
337,532,392,530,392,544,338,546,
162,525,222,524,222,535,162,537,
258,522,273,522,273,535,258,535,
333,519,391,516,391,531,333,534,
159,508,245,505,245,521,160,524,
159,483,252,481,253,495,160,497,
377,480,390,480,390,490,377,490,
160,468,245,467,245,482,160,483,
370,465,390,465,390,478,370,478,
160,446,211,444,212,455,161,458,
332,439,388,439,388,451,332,451,
159,429,291,428,291,443,159,444,
346,425,389,425,389,439,346,439,
158,417,231,415,232,430,159,432,
382,410,391,419,382,428,373,419,
162,405,216,405,216,417,162,417,
376,403,387,403,387,412,376,412,
162,394,224,394,224,404,162,404,
345,388,386,388,386,400,345,400,
161,380,235,380,235,391,161,391,
373,378,383,378,383,386,373,386,
160,369,192,369,192,380,160,380,
344,363,384,363,384,378,344,378,
158,354,266,351,267,366,159,369,
162,341,230,341,230,353,162,353,
372,340,382,340,382,349,372,349,
158,329,202,326,203,341,159,344,
324,326,382,322,383,338,325,342,
161,307,188,307,188,319,161,319,
251,306,267,306,267,319,251,319,
338,303,380,300,381,315,339,318,
244,290,313,294,312,309,243,305,
159,284,238,281,238,296,160,299,
323,279,379,279,379,294,323,294,
162,273,218,273,218,284,162,284,
161,259,230,259,230,271,161,271,
337,256,377,256,377,271,337,271,
159,247,228,244,228,259,160,262,
320,244,376,242,377,257,321,259,
162,235,211,235,211,246,162,246,
326,233,374,230,374,243,327,246,
160,220,236,220,236,235,160,235,
321,218,375,218,375,233,321,233,
156,193,187,193,187,209,156,209,
336,190,376,190,376,205,336,205,
224,180,303,179,303,191,224,192,
155,153,313,150,313,164,155,166,
170,137,292,137,292,150,170,150,
157,125,233,125,233,137,157,137,
159,111,228,111,228,123,159,123,
153,95,232,93,233,108,154,110,
155,82,185,82,185,93,155,93,
207,67,241,67,241,79,207,79,
250,37,303,33,304,49,251,53,