79,664,94,664,94,672,79,672,
169,646,252,654,250,674,167,667,
39,593,491,643,488,670,36,620,
416,578,501,583,500,611,414,606,
212,563,260,567,257,595,210,591,
22,545,135,554,133,578,20,569,
414,536,499,539,499,567,414,564,
20,517,97,521,96,546,19,542,
412,480,496,480,496,509,412,509,
21,476,105,481,104,507,19,502,
124,453,149,453,149,474,124,474,
19,448,81,448,81,473,19,473,
117,405,126,413,117,424,108,416,
117,404,186,399,188,420,119,425,
254,396,322,391,324,417,256,422,
400,386,486,381,488,412,401,417,
23,378,463,343,465,369,25,404,
24,345,123,333,125,354,26,366,
150,331,185,327,187,346,152,350,
262,316,319,311,321,338,264,343,
23,311,111,303,113,327,25,335,
395,301,477,294,479,322,398,329,
261,281,317,273,321,299,264,307,
22,283,367,229,371,253,25,307,
107,236,145,233,147,253,109,256,
146,229,183,222,186,243,150,249,
255,207,311,197,316,223,260,233,
31,194,123,178,127,200,35,216,
384,182,464,167,469,195,389,210,
25,222,305,166,309,190,30,246,
108,177,225,151,230,173,113,199,
224,149,301,133,305,157,229,173,
22,125,45,125,45,144,22,144,
323,127,440,101,444,122,328,148,
99,133,338,78,346,114,107,168,
123,20,193,3,200,33,130,50,
105,61,317,1,325,29,112,89,