118,564,370,558,370,584,119,590,
54,529,183,517,185,542,56,554,
396,513,464,513,464,534,396,534,
60,495,72,495,72,514,60,514,
217,478,269,475,270,496,218,498,
404,471,472,471,472,493,404,493,
62,457,307,436,309,463,64,484,
67,428,93,428,93,448,67,448,
221,412,288,405,291,429,223,437,
383,402,487,397,488,420,384,425,
78,355,182,346,184,367,79,376,
356,333,502,320,504,339,358,353,
195,307,379,290,381,311,197,328,
196,243,402,221,404,239,198,261,
95,215,533,169,536,202,99,249,
205,179,415,155,418,182,208,205,