56,1313,337,1305,338,1333,56,1341,
346,1308,391,1308,391,1329,346,1329,
57,1282,229,1282,229,1306,57,1306,
419,1270,462,1270,462,1297,419,1297,
57,1251,166,1248,166,1272,58,1275,
156,1248,232,1248,232,1272,156,1272,
239,1241,473,1235,474,1264,239,1271,
59,1220,147,1220,147,1244,59,1244,
207,1211,332,1210,333,1235,207,1237,
33,1185,435,1176,436,1205,34,1214,
32,1155,305,1145,306,1174,33,1185,
430,1144,537,1139,538,1168,431,1174,
30,1123,308,1112,309,1140,31,1151,
434,1111,535,1111,535,1137,434,1137,
33,1092,135,1088,136,1114,34,1117,
420,1079,534,1076,535,1101,421,1104,
35,1060,115,1060,115,1084,35,1084,
117,1058,319,1052,320,1076,118,1082,
96,994,331,988,331,1015,97,1021,
480,984,497,984,497,1010,480,1010,
35,966,332,954,333,983,36,995,
419,954,532,950,532,976,419,979,
60,904,161,904,161,930,60,930,
356,893,458,887,460,916,357,923,
36,874,112,870,113,895,37,899,
141,872,159,872,159,891,141,891,
241,867,345,860,347,889,243,896,
429,861,532,857,532,883,429,886,
36,842,212,836,213,860,37,866,
215,834,522,824,523,853,216,864,
36,810,112,807,113,832,37,835,
141,810,159,810,159,830,141,830,
231,804,343,800,344,825,233,830,
415,796,533,793,534,822,415,826,
35,778,421,764,422,794,36,807,
36,750,112,746,113,771,37,775,
144,748,161,748,161,768,144,768,
244,741,343,738,344,763,245,766,
414,734,533,729,534,759,416,764,
35,716,347,705,348,733,36,744,
355,708,408,708,408,730,355,730,
402,706,457,706,457,731,402,731,
121,682,236,680,236,706,122,707,
36,656,113,655,113,680,37,682,
233,648,345,646,345,672,233,673,
427,640,531,636,532,666,428,669,
36,624,456,608,457,636,37,652,
35,567,531,545,533,573,36,595,
36,537,137,532,139,557,37,562,
405,527,433,527,433,537,405,537,
205,530,411,516,413,544,207,558,
424,520,530,514,531,538,426,544,
35,474,520,453,521,481,36,502,
110,443,230,436,231,460,111,466,
250,436,357,431,358,453,251,458,
381,429,478,424,479,447,382,452,
109,380,494,363,495,387,110,405,
118,348,482,329,484,357,120,376,
94,317,492,297,493,326,96,347,
132,282,467,266,468,294,134,310,
30,255,534,228,535,260,32,288,
44,224,523,197,524,226,46,254,
34,192,534,164,535,194,36,222,
132,158,456,136,457,160,134,182,
145,123,444,104,446,133,147,153,
217,85,371,78,372,107,219,113,