108,883,223,878,224,899,109,904,
99,853,228,850,229,870,100,873,
33,816,62,816,62,836,33,836,
245,814,303,814,303,832,245,832,
114,816,127,816,127,834,114,834,
114,797,126,797,126,813,114,813,
30,796,86,792,87,813,31,817,
279,794,302,794,302,811,279,811,
32,779,52,779,52,796,32,796,
279,774,303,774,303,791,279,791,
32,759,57,759,57,776,32,776,
244,754,304,753,304,771,245,772,
31,738,92,738,92,755,31,755,
114,737,126,737,126,753,114,753,
280,734,304,734,304,751,280,751,
33,718,92,718,92,736,33,736,
115,718,127,718,127,733,115,733,
247,716,303,716,303,730,247,730,
127,697,159,697,159,716,127,716,
33,698,57,698,57,715,33,715,
33,676,62,676,62,696,33,696,
246,675,304,675,304,692,246,692,
113,678,126,675,130,691,116,694,
116,659,126,659,126,673,116,673,
280,656,304,656,304,671,280,671,
30,656,85,652,87,674,31,678,
34,639,52,639,52,657,34,657,
279,636,304,636,304,652,279,652,
33,620,57,620,57,637,33,637,
246,616,304,616,304,633,246,633,
32,599,93,599,93,617,32,617,
114,599,127,599,127,614,114,614,
280,597,304,597,304,613,280,613,
33,580,92,578,93,596,34,598,
116,579,128,579,128,596,116,596,
244,577,303,575,304,593,245,595,
135,558,159,558,159,575,135,575,
33,554,58,554,58,576,33,576,
107,537,230,536,230,554,107,555,
34,520,63,520,63,539,34,539,
247,517,304,517,304,534,247,534,
113,518,130,518,130,537,113,537,
115,501,128,501,128,517,115,517,
31,500,87,496,88,517,32,521,
279,497,304,497,304,513,279,513,
34,482,54,482,54,500,34,500,
280,478,304,478,304,493,280,493,
33,462,60,462,60,481,33,481,
246,458,305,458,305,475,246,475,
32,443,92,439,93,458,33,462,
114,441,127,441,127,457,114,457,
280,438,304,438,304,454,280,454,
33,420,93,418,94,438,34,441,
116,420,128,420,128,436,116,436,
247,416,305,416,305,434,247,434,
129,397,209,397,209,415,129,415,
129,374,211,374,211,395,129,395,
31,346,70,346,70,369,31,369,
177,346,230,346,230,364,177,364,
122,347,160,345,161,363,124,365,
269,345,306,345,306,364,269,364,
66,292,274,289,274,316,67,318,
31,267,64,267,64,286,31,286,
95,266,154,266,154,284,95,284,
258,264,307,264,307,282,258,282,
178,264,204,264,204,284,178,284,
31,225,140,222,141,242,32,245,
260,223,306,223,306,242,260,242,
32,205,101,203,102,222,33,224,
217,202,308,200,308,221,218,223,
32,183,101,181,102,202,33,204,
261,182,307,182,307,200,261,200,
194,163,308,160,308,180,195,183,
185,143,307,142,307,160,185,161,
31,144,123,140,124,158,32,162,
235,118,308,121,307,141,234,139,
31,117,98,117,98,142,31,142,
114,58,213,64,211,92,112,86,