20,1081,221,1076,221,1095,21,1099,
213,1062,456,1049,458,1085,215,1098,
157,1032,224,1029,225,1046,158,1049,
128,1012,223,1008,224,1028,129,1032,
233,1010,457,997,459,1036,236,1049,
33,978,152,971,153,991,34,997,
221,963,235,963,235,983,221,983,
33,956,157,950,158,971,34,976,
220,945,234,945,234,965,220,965,
32,936,131,932,132,952,33,956,
220,927,234,927,234,946,220,946,
36,920,65,920,65,933,36,933,
291,916,311,916,311,931,291,931,
315,909,358,909,358,930,315,930,
218,910,234,910,234,927,218,927,
33,897,206,888,207,908,34,917,
200,888,284,891,283,911,199,908,
324,878,333,878,333,886,324,886,
32,877,165,870,166,889,33,897,
33,857,103,854,104,873,34,876,
270,841,448,841,448,866,270,866,
37,838,102,835,102,852,38,854,
149,828,237,828,237,847,149,847,
244,809,312,809,312,829,244,829,
66,812,249,806,250,825,67,831,
301,788,388,788,388,808,301,808,
50,794,219,786,220,806,51,814,
36,776,214,766,215,786,37,796,
36,758,93,755,94,772,37,775,
178,752,222,752,222,769,178,769,
17,737,141,733,142,753,17,756,
292,726,388,726,388,747,292,747,
15,715,230,704,231,728,17,739,
65,685,236,679,237,699,65,705,
337,676,360,676,360,696,337,696,
15,667,238,656,239,679,16,690,
288,656,388,652,389,673,289,677,
32,629,112,626,113,647,33,649,
244,618,329,618,329,638,244,638,
18,609,75,606,76,626,19,629,
97,608,113,608,113,623,97,623,
164,601,248,598,249,619,165,622,
287,595,385,593,386,613,287,616,
16,591,149,583,150,603,18,610,
152,584,255,581,256,598,153,601,
247,579,367,573,368,593,248,599,
18,572,75,568,76,585,19,590,
165,563,247,559,248,579,166,583,
300,555,386,551,387,572,301,576,
16,552,149,545,150,565,17,571,
156,545,309,535,310,556,157,566,
18,534,75,530,76,548,19,552,
100,531,110,531,110,543,100,543,
162,524,247,520,248,540,163,544,
300,515,387,511,388,532,301,536,
16,514,150,506,152,526,18,533,
152,508,231,504,232,520,153,524,
226,503,268,503,268,519,226,519,
271,501,301,501,301,515,271,515,
18,494,76,491,77,509,19,511,
295,497,388,490,389,509,296,516,
90,491,113,491,113,506,90,506,
166,485,245,480,247,499,168,505,
298,474,388,469,389,490,300,495,
16,473,158,467,159,487,17,493,
152,468,267,460,268,478,153,486,
267,458,387,451,388,471,269,478,
16,454,76,450,77,470,18,475,
104,456,110,456,110,464,104,464,
164,446,246,440,248,460,165,465,
300,435,389,428,391,449,301,456,
17,435,151,430,152,449,17,454,
19,416,76,416,76,433,19,433,
153,427,389,409,391,430,155,448,
156,408,247,401,249,421,157,427,
16,396,151,390,152,410,17,416,
290,396,389,389,391,410,292,417,
18,378,76,375,77,392,19,395,
151,390,390,368,392,388,153,410,
157,369,247,361,249,382,159,390,
292,356,389,347,391,368,294,377,
20,357,272,339,274,362,22,380,
271,338,387,326,390,347,273,359,
42,318,169,312,170,331,43,338,
45,297,95,294,96,315,47,318,
272,296,385,285,387,306,274,317,
146,293,273,277,276,298,149,314,
309,271,385,264,387,284,311,291,
40,270,233,250,236,274,43,294,
123,245,187,236,189,254,125,262,
338,240,375,237,376,253,340,256,
188,237,224,237,224,250,188,250,
281,228,298,228,298,236,281,236,
74,219,199,209,201,230,76,240,
46,200,180,192,182,212,48,220,
286,194,339,190,340,206,288,210,
215,190,239,190,239,204,215,204,
111,179,161,175,163,192,113,196,
267,177,366,164,368,180,269,193,
221,163,241,163,241,176,221,176,
44,161,138,159,138,178,45,181,
249,155,283,155,283,173,249,173,
192,147,227,147,227,160,192,160,
67,142,146,142,146,158,67,158,
233,138,376,119,379,139,236,157,
64,122,173,115,175,134,66,142,
203,123,339,107,342,127,206,142,
203,103,356,84,359,104,206,123,
74,101,351,65,354,89,78,125,
110,78,313,50,317,73,114,101,
121,59,295,35,298,56,124,80,
84,24,136,22,137,38,85,41,