600,1016,661,1006,664,1026,603,1031,
587,997,646,983,652,1008,593,1022,
582,977,659,960,663,980,587,997,
573,955,631,945,634,966,577,976,
564,936,661,915,665,937,569,958,
556,915,619,901,625,923,561,938,
647,906,654,906,654,912,647,912,
551,895,663,874,665,895,555,916,
561,874,635,862,638,882,564,893,
535,857,594,847,597,867,539,876,
501,852,514,852,514,873,501,873,
620,845,630,845,630,856,620,856,
528,839,657,811,662,833,533,860,
538,818,614,805,617,824,541,836,
370,796,400,790,426,918,395,924,
514,802,572,791,576,811,517,821,
481,788,498,785,507,835,490,838,
475,767,506,899,484,905,452,772,
499,767,559,755,563,774,504,786,
508,783,664,753,665,773,512,803,
586,756,592,756,592,762,586,762,
647,740,663,740,663,752,647,752,
495,748,619,723,623,743,499,768,
488,730,546,720,549,740,492,749,
617,725,663,718,665,735,619,741,
565,717,581,717,581,730,565,730,
620,706,663,699,665,715,623,722,
493,694,566,683,569,701,496,713,
483,713,663,678,665,698,487,732,
471,680,527,671,530,687,474,696,
551,672,558,672,558,677,551,677,
606,654,661,646,664,666,609,674,
475,648,546,637,549,653,477,664,
465,664,663,628,665,647,468,684,
454,635,508,626,510,642,456,651,
528,625,542,625,542,634,528,634,
4,608,24,608,24,628,4,628,
585,611,663,597,665,615,588,629,
441,604,497,595,499,610,443,619,
449,618,658,581,662,599,452,636,
5,583,25,583,25,604,5,604,
575,580,651,568,654,583,578,595,
431,574,485,565,487,580,433,589,
501,561,519,561,519,573,501,573,
7,558,26,558,26,578,7,578,
436,587,665,547,665,566,439,605,
562,551,637,539,639,554,565,566,
421,544,476,535,478,550,424,559,
7,534,27,534,27,554,7,554,
426,557,665,517,665,535,429,575,
550,522,624,511,626,526,553,537,
415,527,533,508,536,526,418,545,
8,511,28,511,28,530,8,530,
425,511,487,505,489,520,426,526,
528,510,624,496,626,510,531,524,
620,495,664,490,665,505,622,510,
402,498,497,486,499,505,405,517,
10,487,30,487,30,505,10,505,
606,482,663,473,665,488,609,497,
532,480,603,470,605,485,534,495,
395,472,472,462,474,477,397,488,
10,464,31,464,31,484,10,484,
645,463,662,463,662,472,645,472,
399,486,606,453,609,470,402,503,
606,456,659,446,661,458,608,468,
521,454,590,445,592,456,523,466,
12,444,30,444,30,459,12,459,
395,443,466,436,467,450,396,457,
636,436,662,436,662,445,636,445,
389,457,608,424,611,442,392,475,
378,432,430,424,432,439,381,447,
604,428,646,422,648,434,606,440,
433,426,462,421,464,433,435,438,
14,422,31,422,31,438,14,438,
650,421,664,421,664,431,650,431,
577,416,647,406,649,420,579,430,
503,412,574,402,576,418,505,427,
371,405,420,398,422,412,373,419,
14,401,32,401,32,416,14,416,
375,418,555,392,557,407,377,433,
426,399,448,396,449,405,427,408,
616,396,659,390,661,402,618,408,
490,388,562,377,565,392,492,403,
577,391,660,375,663,389,580,405,
14,378,34,378,34,397,14,397,
361,379,409,371,412,386,363,394,
417,371,439,369,441,379,418,382,
602,371,661,361,664,377,604,386,
365,390,588,361,590,377,367,406,
16,359,34,359,34,373,16,373,
481,363,551,353,553,368,483,378,
600,360,659,351,661,362,601,370,
350,353,399,346,402,361,352,368,
404,349,426,345,428,353,405,357,
355,365,574,336,576,351,357,380,
19,341,34,341,34,354,19,354,
591,346,657,336,659,351,593,362,
464,338,539,328,541,343,466,353,
346,339,454,326,456,341,347,354,
573,337,648,325,650,337,575,349,
462,328,484,328,484,336,462,336,
341,328,388,322,390,336,343,342,
405,321,420,321,420,329,405,329,
19,319,34,319,34,334,19,334,
572,323,645,311,647,326,575,338,
489,322,565,311,567,325,491,336,
568,312,600,308,602,319,569,323,
461,313,527,306,528,318,462,325,
336,316,447,300,449,316,338,331,
449,303,476,303,476,313,449,313,
336,302,407,297,408,311,337,316,
19,300,35,300,35,315,19,315,
478,298,512,295,513,307,479,310,
509,295,547,295,547,306,509,306,
569,297,632,290,634,304,571,311,
327,291,375,284,377,299,329,306,
548,291,585,285,587,297,550,303,
387,287,404,287,404,295,387,295,
23,284,33,284,33,293,23,293,
582,284,626,278,628,290,584,296,
515,279,582,273,583,288,517,294,
446,277,511,270,512,284,448,291,
324,279,430,266,432,280,325,293,
436,269,458,269,458,277,436,277,
318,268,365,263,366,275,320,280,
461,265,506,259,508,270,462,277,
549,263,616,255,617,270,551,278,
511,258,546,256,547,267,512,270,
436,255,473,251,475,263,437,267,
584,254,594,254,594,260,584,260,
484,250,501,250,501,258,484,258,
314,255,418,242,420,258,316,270,
312,246,355,240,356,251,313,256,
537,241,608,231,610,247,539,257,
509,236,548,231,549,242,510,248,
138,229,228,231,228,246,138,244,
24,230,35,230,35,239,24,239,
428,233,492,224,493,236,429,244,
533,221,552,221,552,230,533,230,
305,232,472,215,474,230,307,247,
478,216,509,216,509,227,478,227,
135,216,156,216,156,225,135,225,
546,220,592,211,595,225,549,234,
158,214,213,214,213,226,158,226,
299,212,336,212,336,224,299,224,
28,213,36,213,36,220,28,220,
73,212,80,212,80,217,73,217,
547,207,589,207,589,218,547,218,
346,207,405,200,407,211,347,219,
292,200,356,194,358,208,293,214,
136,196,222,196,222,210,136,210,
30,197,35,197,35,203,30,203,
514,189,577,181,579,196,516,204,
391,187,512,178,513,193,392,202,
136,178,214,178,214,194,136,194,
30,180,37,180,37,187,30,187,
285,183,398,173,399,188,287,198,
508,178,572,172,573,183,509,190,
404,173,486,165,487,177,405,185,
140,163,219,163,219,175,140,175,
486,165,556,157,558,170,487,179,
362,164,507,150,509,164,363,178,
161,144,221,148,220,162,160,158,
133,147,165,147,165,159,133,159,
50,145,114,145,114,157,50,157,
296,147,339,143,340,154,298,158,
325,153,519,135,521,149,326,167,
361,131,397,131,397,139,361,139,
474,129,532,126,533,135,475,139,
280,127,341,122,342,136,281,141,
359,114,402,114,402,125,359,125,
138,107,238,110,237,124,138,121,
69,108,102,108,102,123,69,123,
24,110,46,110,46,118,24,118,
469,106,525,103,526,118,469,121,
302,98,337,100,336,112,301,109,
344,97,366,97,366,104,344,104,
363,86,463,83,464,101,364,104,
454,85,473,81,475,90,456,94,
141,80,173,80,173,87,141,87,
54,76,95,76,95,88,54,88,
357,72,405,62,407,74,360,84,
55,53,80,53,80,64,55,64,
368,46,413,46,413,54,368,54,
318,46,354,46,354,54,318,54,
566,31,640,32,640,43,566,42,
511,31,565,32,565,41,510,40,
298,28,490,29,490,41,298,40,
216,26,263,28,263,38,216,35,