213,809,258,809,258,824,213,824,
168,806,216,806,216,824,168,824,
85,237,404,240,404,261,85,258,
402,216,464,216,464,233,402,233,
19,209,207,213,207,231,18,227,
455,197,463,197,463,207,455,207,
22,188,216,193,216,207,21,202,
389,174,463,174,463,187,389,187,
229,173,241,173,241,186,229,186,
22,167,122,170,122,187,21,184,
391,155,463,155,463,169,391,169,
340,157,353,157,353,166,340,166,
259,156,321,156,321,167,259,167,
228,156,238,156,238,165,228,165,
26,151,152,152,152,166,26,165,
320,136,384,136,384,147,320,147,
258,136,287,136,287,147,258,147,
379,133,460,133,460,150,379,150,
207,133,234,135,233,147,206,144,
28,132,115,134,115,147,28,145,
39,113,311,115,311,132,39,130,
41,98,333,101,333,115,41,112,
42,82,203,84,202,98,42,96,
42,65,353,66,353,80,42,79,
204,51,364,52,364,65,204,64,
105,53,172,53,172,62,105,62,