110,775,268,775,268,789,110,789,
116,757,263,757,263,771,116,771,
27,727,257,725,257,739,27,741,
167,705,232,705,232,719,167,719,
336,705,349,705,349,719,336,719,
130,685,232,685,232,698,130,698,
293,683,349,683,349,697,293,697,
154,661,234,663,233,680,153,678,
293,662,349,662,349,676,293,676,
155,642,234,642,234,656,155,656,
336,640,350,640,350,655,336,655,
123,621,232,619,232,635,123,637,
292,618,348,618,348,632,292,632,
19,586,68,584,69,599,20,601,
222,588,229,588,229,595,222,595,
301,582,349,582,349,596,301,596,
20,564,151,563,151,580,20,581,
20,545,67,542,68,557,21,560,
220,543,230,543,230,553,220,553,
299,539,349,539,349,553,299,553,
21,524,153,522,153,536,21,538,
21,504,68,504,68,518,21,518,
220,501,230,501,230,512,220,512,
298,497,350,497,350,513,298,513,
19,481,162,480,162,498,19,499,
21,462,67,462,67,476,21,476,
218,458,231,458,231,472,218,472,
298,456,348,453,349,468,299,471,
19,442,146,439,146,453,19,456,
18,421,65,418,66,433,19,436,
223,413,233,423,223,433,213,423,
296,412,348,409,349,426,297,429,
18,400,92,400,92,415,18,415,
17,380,65,377,66,392,18,395,
216,373,230,373,230,388,216,388,
296,370,348,367,349,384,297,387,
17,359,171,354,171,370,17,375,
19,338,74,338,74,352,19,352,
207,331,228,331,228,348,207,348,
268,329,346,325,347,342,269,346,
14,298,65,295,66,312,15,315,
16,278,48,278,48,292,16,292,
15,257,96,257,96,274,15,274,
108,228,258,221,259,238,108,246,
43,211,323,199,324,216,44,229,
97,188,265,179,266,199,98,208,
95,156,265,146,266,167,97,177,
56,136,309,121,310,141,57,156,
13,111,341,94,342,121,14,138,
136,82,224,74,226,100,139,107,