21,785,331,708,339,740,29,816,
11,752,325,676,333,710,20,786,
2,721,410,629,418,663,10,755,
0,659,156,628,161,656,5,686,
0,624,201,585,207,613,5,653,
0,562,91,541,98,569,5,590,
362,572,510,537,516,564,369,599,
334,546,504,508,511,536,341,574,
36,495,58,489,62,505,40,510,
49,489,109,477,114,501,54,513,
326,485,494,448,500,473,331,509,
0,467,183,426,189,452,5,493,
317,423,485,389,490,413,322,447,
312,393,481,359,486,383,317,417,
22,397,257,347,262,373,27,422,
2,338,161,308,166,333,6,363,
390,312,475,296,480,322,395,338,
271,273,466,237,472,268,277,305,
7,247,39,241,42,255,10,262,
0,305,448,208,456,242,4,340,
0,274,408,188,415,221,5,307,
28,237,285,187,290,215,33,264,
6,208,338,146,343,173,11,235,
6,145,148,120,152,147,11,172,
0,177,381,105,386,132,6,205,