227,924,511,919,512,941,227,945,
321,902,431,896,432,918,323,924,
188,871,563,865,563,891,188,896,
168,838,288,836,288,855,168,858,
500,831,565,833,565,853,499,850,
172,808,293,804,294,823,173,827,
360,804,398,804,398,826,360,826,
502,803,565,803,565,822,502,822,
173,783,266,783,266,801,173,801,
511,775,564,775,564,795,511,795,
297,759,310,759,310,775,297,775,
173,757,241,757,241,777,173,777,
276,723,286,723,286,735,276,735,
314,719,346,719,346,736,314,736,
513,717,559,717,559,737,513,737,
409,717,454,717,454,737,409,737,
180,695,522,689,523,710,180,716,
276,668,286,668,286,681,276,681,
505,665,554,665,554,681,505,681,
314,665,346,665,346,681,314,681,
410,662,453,662,453,682,410,682,
183,643,489,638,489,656,183,661,
503,611,553,611,553,627,503,627,
314,611,346,611,346,627,314,627,
406,611,451,608,452,627,408,630,
276,611,289,611,289,627,276,627,
184,587,467,583,467,605,185,608,
190,562,267,564,267,583,190,580,
284,563,379,560,380,578,285,582,
383,562,542,560,542,578,383,580,
273,532,475,532,475,555,273,555,
175,496,203,496,203,512,175,512,
276,472,464,470,464,488,276,490,
296,444,446,443,446,461,296,462,