61,410,170,403,171,421,62,425,
358,401,408,401,408,417,358,417,
61,388,140,384,141,401,62,406,
395,379,408,379,408,394,395,394,
64,369,188,362,189,380,65,386,
350,357,409,357,409,375,350,375,
64,351,164,345,165,362,65,368,
231,349,247,349,247,361,231,361,
351,338,408,338,408,355,351,355,
67,320,153,316,153,334,67,337,
351,307,408,303,409,321,352,325,
69,294,141,294,141,311,69,311,
214,282,227,282,227,297,214,297,
254,279,302,276,303,295,255,297,
69,275,188,274,188,293,69,294,
358,272,410,268,411,286,359,290,
47,250,67,250,67,266,47,266,
102,248,164,248,164,266,102,266,
209,247,230,247,230,265,209,265,
256,244,297,240,299,260,258,264,
360,233,410,228,413,249,363,255,
43,214,136,217,135,238,42,234,
45,194,162,198,162,216,44,213,
39,167,414,147,417,189,41,209,
177,153,204,153,204,169,177,169,
243,149,273,147,274,169,245,171,
99,122,355,108,357,143,101,157,
88,87,370,72,372,114,90,129,