23,899,339,891,339,908,23,915,
63,878,300,873,301,889,64,895,
24,842,344,832,344,849,24,858,
79,818,283,815,284,832,80,836,
27,763,127,761,127,776,27,779,
213,757,343,755,343,773,213,776,
27,743,216,738,216,755,27,760,
327,739,336,739,336,751,327,751,
26,723,158,720,158,739,26,741,
223,720,342,716,342,734,224,737,
88,684,281,681,282,698,89,701,
27,667,122,664,123,681,27,683,
332,666,342,666,342,677,332,677,
35,648,99,646,100,661,36,664,
288,645,341,645,341,659,288,659,
29,629,136,626,137,643,30,646,
288,627,341,627,341,641,288,641,
31,612,151,608,151,623,31,626,
324,610,337,610,337,623,324,623,
30,590,188,589,188,607,30,608,
288,590,341,590,341,605,288,605,
29,557,129,555,129,569,29,571,
295,555,341,555,341,569,295,569,
249,556,263,556,263,569,249,569,
171,556,217,553,217,569,172,571,
29,538,108,538,108,553,29,553,
31,519,341,519,341,533,31,533,
31,502,128,502,128,515,31,515,
178,501,216,501,216,515,178,515,
296,500,340,500,340,514,296,514,
248,501,262,501,262,515,248,515,
31,483,152,483,152,498,31,498,
221,482,268,482,268,497,221,497,
149,482,226,482,226,497,149,497,
31,465,129,465,129,478,31,478,
296,464,341,464,341,478,296,478,
249,465,264,465,264,478,249,478,
172,464,217,464,217,479,172,479,
30,446,182,446,182,463,30,463,
172,428,217,428,217,443,172,443,
31,428,129,428,129,442,31,442,
296,427,341,427,341,443,296,443,
249,428,262,428,262,444,249,444,
136,415,142,415,142,420,136,420,
142,412,216,412,216,423,142,423,
218,410,297,410,297,424,218,424,
29,409,139,410,139,424,29,423,
171,392,216,392,216,406,171,406,
29,392,120,392,120,405,29,405,
295,391,341,391,341,406,295,406,
250,392,264,392,264,406,250,406,
236,373,268,373,268,389,236,389,
27,371,231,373,231,390,27,389,
296,355,341,355,341,370,296,370,
251,357,261,357,261,368,251,368,
172,355,215,355,215,370,172,370,
29,355,128,355,128,368,29,368,
218,339,238,339,238,351,218,351,
290,337,321,337,321,352,290,352,
240,337,296,337,296,351,240,351,
28,334,219,336,219,353,28,351,
255,318,264,327,256,335,247,326,
171,319,216,319,216,334,171,334,
295,318,341,318,341,333,295,333,
28,315,129,318,129,332,28,330,
27,296,291,299,291,317,27,313,
251,284,259,284,259,294,251,294,
295,281,340,279,341,294,296,296,
172,281,216,281,216,296,172,296,
27,279,128,281,128,295,27,293,
220,263,284,263,284,280,220,280,
26,258,217,262,217,279,26,276,
289,243,335,243,335,258,289,258,
235,243,253,243,253,261,235,261,
163,242,212,242,212,261,163,261,
28,240,92,242,91,260,27,257,
242,207,341,204,341,222,243,224,
29,203,90,207,89,222,28,219,
257,189,334,187,334,202,258,205,
27,183,217,188,217,207,27,201,
125,167,239,169,239,186,125,184,
188,136,278,136,278,151,188,151,
171,117,296,117,296,134,171,134,
31,107,131,113,130,137,30,131,
164,95,303,97,303,114,164,112,
144,74,322,76,322,94,144,92,