77,958,325,958,325,978,77,978,
321,928,399,928,399,946,321,946,
22,925,175,928,174,948,22,946,
377,904,400,904,400,921,377,921,
22,899,182,902,182,920,22,918,
320,875,399,878,398,897,319,894,
22,875,106,879,105,898,21,894,
186,877,207,877,207,894,186,894,
336,855,400,855,400,873,336,873,
225,855,276,855,276,870,225,870,
23,854,162,854,162,872,23,872,
294,855,307,855,307,870,294,870,
335,829,400,831,399,850,334,847,
24,831,149,831,149,849,24,849,
294,832,308,832,308,847,294,847,
223,830,279,830,279,849,223,849,
335,807,400,807,400,825,335,825,
224,808,278,808,278,825,224,825,
22,806,126,808,126,826,22,824,
295,808,308,808,308,823,295,823,
21,783,161,784,161,802,21,801,
336,783,401,783,401,802,336,802,
223,783,277,783,277,802,223,802,
295,784,308,784,308,800,295,800,
338,762,400,762,400,779,338,779,
21,759,120,762,119,779,21,777,
296,764,307,764,307,775,296,775,
225,762,276,762,276,777,225,777,
21,738,160,740,160,759,21,756,
345,738,400,738,400,756,345,756,
295,740,308,740,308,754,295,754,
232,738,277,738,277,756,232,756,
338,716,401,716,401,734,338,734,
226,717,276,717,276,732,226,732,
22,715,161,716,161,734,22,732,
295,717,308,717,308,731,295,731,
336,692,400,692,400,710,336,710,
297,695,306,695,306,706,297,706,
224,693,276,693,276,709,224,709,
22,691,161,692,161,710,22,709,
339,671,399,671,399,686,339,686,
295,672,306,672,306,684,295,684,
226,670,277,670,277,686,226,686,
22,668,170,670,170,688,22,686,
336,646,400,646,400,665,336,665,
297,649,307,649,307,661,297,661,
233,647,276,647,276,663,233,663,
22,646,124,646,124,664,22,664,
338,625,399,625,399,639,338,639,
297,626,307,626,307,637,297,637,
224,624,276,624,276,639,224,639,
21,621,131,624,131,641,21,639,
347,602,399,602,399,617,347,617,
297,603,307,603,307,615,297,615,
231,597,279,600,277,619,230,616,
23,601,110,601,110,615,23,615,
338,578,400,578,400,596,338,596,
224,578,276,578,276,593,224,593,
297,579,307,579,307,592,297,592,
21,575,170,577,170,595,21,592,
336,555,401,555,401,573,336,573,
224,555,276,555,276,571,224,571,
295,555,308,555,308,570,295,570,
20,552,145,555,145,573,20,569,
339,532,401,532,401,550,339,550,
225,532,277,532,277,548,225,548,
295,532,308,532,308,548,295,548,
21,529,166,531,166,549,21,547,
338,508,401,508,401,526,338,526,
295,509,308,509,308,524,295,524,
223,508,277,505,278,524,224,526,
23,505,131,509,131,526,22,523,
338,486,401,486,401,503,338,503,
233,486,277,486,277,501,233,501,
200,489,206,489,206,498,200,498,
297,487,307,487,307,500,297,500,
21,482,141,484,141,501,21,500,
338,464,399,464,399,478,338,478,
297,466,307,466,307,476,297,476,
222,462,279,462,279,479,222,479,
24,462,138,462,138,476,24,476,
330,440,400,440,400,454,330,454,
299,443,305,443,305,450,299,450,
218,440,276,440,276,454,218,454,
21,436,151,437,151,454,21,453,
343,417,400,417,400,432,343,432,
226,416,276,416,276,432,226,432,
21,412,112,414,112,432,21,429,
232,393,277,393,277,409,232,409,
23,391,101,391,101,409,23,409,
235,369,279,369,279,388,235,388,
296,370,309,370,309,385,296,385,
22,365,117,370,116,388,21,384,
235,348,278,348,278,363,235,363,
295,348,308,348,308,363,295,363,
22,345,76,345,76,360,22,360,
338,323,394,323,394,341,338,341,
297,326,307,326,307,338,297,338,
226,323,279,323,279,341,226,341,
21,321,166,322,166,339,21,338,
336,299,403,298,403,316,337,318,
296,301,309,301,309,315,296,315,
223,299,279,299,279,317,223,317,
23,297,150,300,150,319,22,315,
298,280,307,280,307,289,298,289,
226,278,277,278,277,293,226,293,
339,277,399,277,399,292,339,292,
23,273,166,276,166,295,22,291,
225,255,278,255,278,270,225,270,
23,251,111,251,111,269,23,269,
220,232,275,232,275,247,220,247,
22,225,158,231,157,249,21,244,
234,211,243,211,243,217,234,217,
30,199,102,205,101,222,28,216,
194,183,227,183,227,193,194,193,
33,173,180,178,179,199,33,195,
36,150,229,159,228,178,35,169,
35,127,179,134,178,152,35,145,
36,99,157,102,156,120,36,118,
98,76,340,80,339,105,97,100,