3,738,334,742,333,771,3,767,
3,700,186,704,185,731,3,728,
2,648,432,655,431,685,2,679,
333,588,445,588,445,620,333,620,
54,581,124,584,123,617,53,615,
332,536,446,536,446,567,332,567,
327,428,441,428,441,459,327,459,
119,427,231,424,232,456,119,458,
0,424,25,424,25,451,0,451,
0,376,369,380,369,415,0,410,
250,339,256,339,256,348,250,348,
102,330,221,330,221,362,102,362,
254,329,416,329,416,357,254,357,
0,329,48,329,48,360,0,360,
1,268,282,262,283,307,2,313,
10,152,257,149,257,177,10,180,
4,99,222,95,223,123,4,127,