324,1155,484,1163,482,1190,323,1183,
133,1150,292,1150,292,1184,133,1184,
110,1065,302,1070,302,1104,109,1100,
264,1003,699,1029,696,1068,262,1041,
822,1001,842,1001,842,1030,822,1030,
40,956,173,962,172,995,39,990,
751,955,843,959,841,989,749,985,
39,915,187,924,185,953,38,945,
713,847,838,855,835,890,711,881,
40,810,351,822,349,859,39,847,
746,742,849,750,847,782,744,775,
552,728,650,735,648,767,549,760,
433,726,494,726,494,759,433,759,
52,703,240,711,238,746,50,738,
751,683,846,688,845,723,749,718,
571,673,652,678,650,710,569,705,
447,667,490,671,488,702,444,698,
189,649,318,658,315,693,187,684,
43,649,81,649,81,679,43,679,
42,586,305,598,303,633,40,621,
760,571,848,576,846,612,758,607,
444,558,554,562,553,597,442,593,
210,540,290,547,288,580,208,574,
39,533,178,540,176,574,38,566,
679,519,845,526,844,560,678,553,
443,504,537,511,534,552,441,545,
36,479,155,488,152,523,34,514,
822,479,847,479,847,512,822,512,
443,458,606,470,604,503,441,492,
208,444,327,455,323,491,205,481,
32,434,83,434,83,470,32,470,
510,377,642,387,638,442,506,432,
237,364,509,384,506,432,233,411,
492,328,585,334,583,365,490,359,
287,309,506,327,504,361,284,343,
553,285,666,288,665,323,552,320,
361,272,551,286,548,321,358,307,
203,258,361,273,358,307,200,293,
403,159,731,173,728,238,400,224,
127,124,439,145,434,225,122,203,