22,598,339,601,339,615,22,612,
63,578,303,581,303,597,63,595,
22,543,347,545,347,562,22,560,
80,524,285,526,285,543,79,541,
86,469,285,471,285,488,86,486,
310,455,350,455,350,469,310,469,
24,448,121,450,121,468,23,466,
294,436,349,436,349,450,294,450,
30,432,97,434,97,448,30,446,
294,418,350,418,350,432,294,432,
27,415,135,415,135,429,27,429,
331,399,344,399,344,413,331,413,
27,396,150,397,150,411,27,410,
294,381,350,381,350,395,294,395,
27,377,188,380,188,394,27,391,
301,345,351,345,351,360,301,360,
256,347,265,347,265,357,256,357,
172,343,219,346,218,361,171,358,
25,342,128,344,128,358,25,356,
24,323,282,327,282,344,24,339,
173,308,220,308,220,323,173,323,
301,304,352,307,351,325,300,322,
255,308,267,308,267,322,255,322,
26,305,128,307,128,321,26,319,
144,287,283,287,283,307,144,307,
25,284,145,287,145,304,25,301,
296,271,351,271,351,285,296,285,
256,273,266,273,266,283,256,283,
167,271,219,271,219,285,167,285,
26,267,128,270,128,284,26,281,
25,248,236,252,236,269,25,265,
296,233,344,233,344,248,296,248,
241,233,260,233,260,250,241,250,
164,230,215,230,215,251,164,251,
26,228,92,231,91,248,25,245,
250,197,352,197,352,211,250,211,
27,195,89,195,89,209,27,209,
266,179,344,179,344,193,266,193,
25,173,222,176,222,194,25,191,
127,155,244,158,244,176,127,173,
192,120,287,124,286,141,192,137,
173,98,306,103,306,121,172,116,
27,89,130,93,129,122,26,118,
162,77,318,81,317,98,162,93,
154,53,328,57,327,77,154,73,