227,946,778,954,777,993,226,986,
788,854,945,854,945,894,788,894,
67,847,357,849,357,897,67,894,
789,776,946,776,946,812,789,812,
403,775,555,775,555,812,403,812,
70,775,94,775,94,810,70,810,
73,708,318,708,318,749,73,749,
408,645,549,642,550,684,409,687,
70,646,123,646,123,681,70,681,
749,641,947,639,948,681,750,683,
79,503,300,505,299,538,79,535,
668,503,946,496,947,532,669,539,
319,432,697,430,698,466,320,468,
303,310,716,309,716,337,303,338,
84,253,939,250,939,288,85,292,
305,198,717,194,718,229,306,232,