126,466,512,540,507,570,121,496,
255,463,400,488,396,512,251,487,
513,417,600,432,596,457,509,442,
99,391,590,480,585,508,94,418,
317,383,365,391,361,416,313,408,
516,380,604,393,600,419,512,406,
11,377,32,376,40,598,19,599,
91,342,232,365,228,386,87,363,
96,310,203,328,199,353,92,335,
540,307,601,314,598,340,536,332,
245,312,262,312,262,333,245,333,
400,286,457,294,454,316,397,309,
102,281,182,293,179,319,98,306,
278,268,317,273,315,292,275,288,
228,263,241,263,241,279,228,279,
518,238,598,248,596,269,516,259,
384,220,459,228,457,250,382,241,
132,218,496,268,493,289,130,239,
295,210,320,210,320,227,295,227,
242,203,254,203,254,219,242,219,
147,162,433,197,430,219,145,183,
237,145,583,188,581,209,234,167,
162,137,244,150,242,167,160,155,
256,115,499,144,496,170,253,141,
163,73,189,73,189,89,163,89,
275,56,491,78,489,98,273,76,
301,31,473,48,471,68,299,51,