55,1146,691,1126,692,1158,56,1178,
135,1106,613,1094,614,1126,136,1138,
57,1037,702,1019,703,1053,58,1070,
169,998,578,990,579,1020,169,1027,
59,898,263,892,264,921,60,927,
443,888,699,881,700,910,444,917,
60,862,452,853,452,882,61,891,
683,846,701,846,701,873,683,873,
59,825,323,819,324,852,60,858,
460,822,698,810,699,838,461,850,
184,754,495,746,496,780,185,787,
480,749,575,743,576,773,481,778,
60,722,250,719,251,752,61,755,
608,706,701,700,703,735,610,740,
80,690,203,690,203,719,80,719,
592,672,700,667,702,696,594,701,
63,656,277,648,278,677,64,685,
597,635,703,635,703,665,597,665,
63,620,319,612,320,641,64,649,
682,598,704,598,704,626,682,626,
60,581,381,575,382,607,61,613,
594,569,700,562,702,591,596,598,
55,511,256,505,257,535,56,541,
336,503,440,500,441,530,337,534,
515,503,535,503,535,526,515,526,
593,496,702,493,703,526,594,530,
55,477,277,474,278,501,55,504,
277,471,442,467,442,496,278,500,
452,462,570,458,571,493,453,496,
556,460,671,457,672,492,557,495,
55,437,181,433,182,469,56,473,
332,431,441,428,443,462,333,466,
500,428,537,428,537,459,500,459,
611,424,703,424,703,454,611,454,
172,417,295,399,300,434,177,452,
310,389,404,377,410,417,315,430,
57,377,179,372,181,400,58,405,
498,359,700,349,702,378,500,388,
54,340,441,322,443,360,56,377,
532,322,699,316,700,345,533,351,
256,300,503,288,505,320,257,332,
382,232,572,221,574,250,384,261,
64,191,267,196,265,244,63,239,
316,197,637,182,638,216,318,230,
300,157,655,145,657,182,301,194,
374,122,579,113,581,142,375,151,