19,740,439,746,439,765,19,760,
71,715,390,720,390,740,71,735,
17,663,451,669,451,693,17,686,
91,636,368,641,367,664,91,659,
103,559,366,564,365,587,102,582,
437,544,453,544,453,564,437,564,
17,532,147,535,146,559,17,556,
385,516,452,519,451,539,385,537,
28,510,114,512,114,532,28,530,
388,494,451,494,451,512,388,512,
19,484,165,486,165,507,19,505,
427,468,444,468,444,488,427,488,
21,459,186,462,185,482,21,479,
387,442,451,442,451,463,387,463,
21,432,236,437,235,458,21,453,
385,390,452,392,451,413,385,410,
325,393,338,393,338,409,325,409,
214,390,276,390,276,408,214,408,
19,384,155,388,154,406,19,402,
277,368,296,368,296,381,277,381,
304,364,337,364,337,384,304,384,
18,357,271,363,270,385,18,380,
378,340,442,340,442,361,378,361,
305,340,329,340,329,360,305,360,
204,338,268,338,268,359,204,359,
18,331,105,333,105,357,18,354,
316,291,450,292,450,309,316,308,
19,281,103,283,103,304,19,301,
337,265,441,265,441,285,337,285,
18,254,277,261,276,284,18,277,
154,234,308,238,307,258,153,254,
239,188,363,191,362,211,238,209,
221,160,382,163,381,186,220,183,
22,145,158,152,156,186,20,179,
205,129,398,134,397,157,204,153,
208,101,396,104,396,128,207,125,