79,614,489,614,489,639,79,639,
221,579,378,581,377,608,220,606,
23,535,558,542,557,567,23,560,
481,488,565,492,564,517,480,514,
278,484,331,484,331,511,278,511,
3,474,178,477,178,505,3,502,
481,451,565,453,564,479,480,476,
1,437,139,443,138,471,0,465,
187,414,207,414,207,441,187,441,
3,402,106,407,105,435,2,430,
475,370,558,374,557,399,474,396,
329,368,413,368,413,392,329,392,
216,365,260,365,260,384,216,384,
155,362,172,362,172,381,155,381,
19,322,352,335,351,359,18,345,
316,299,542,306,541,329,315,323,
175,295,285,299,284,320,175,317,
32,287,143,296,141,317,30,308,
156,249,449,262,448,294,155,281,
13,193,55,195,53,219,11,216,
168,172,432,185,431,206,167,194,
198,137,409,149,407,172,196,160,