17,790,420,794,420,810,16,807,
67,765,372,768,372,788,67,785,
18,717,430,719,430,740,17,738,
87,692,350,694,349,714,87,712,
98,622,348,622,348,641,98,641,
378,601,431,601,431,619,378,619,
18,598,138,598,138,619,18,619,
369,577,431,577,431,594,369,594,
26,576,108,576,108,594,26,594,
369,552,430,552,430,569,369,569,
17,552,157,548,158,569,18,572,
359,529,422,529,422,546,359,546,
20,527,176,527,176,546,20,546,
369,504,429,504,429,522,369,522,
21,503,224,503,224,523,21,523,
368,458,430,458,430,475,368,475,
16,458,39,458,39,475,16,475,
311,438,320,438,320,449,311,449,
212,435,264,435,264,453,212,453,
16,434,146,435,146,452,15,451,
377,434,430,434,430,452,377,452,
139,409,273,412,273,430,138,427,
16,409,148,412,147,430,15,427,
369,386,430,386,430,404,369,404,
16,386,39,386,39,404,16,404,
213,365,264,365,264,382,213,382,
378,363,430,363,430,380,378,380,
16,362,146,364,145,382,15,379,
152,336,275,340,274,361,151,356,
16,336,150,339,149,359,15,356,
290,315,315,315,315,336,290,336,
193,315,255,313,256,335,193,337,
358,314,422,312,423,333,358,335,
17,310,99,312,99,334,16,332,
299,269,431,266,431,286,299,290,
19,266,95,266,95,284,19,284,
320,245,419,243,420,261,320,263,
17,240,264,244,264,264,16,260,
146,217,293,220,293,240,145,237,
227,175,345,175,345,195,227,195,
202,145,372,147,372,170,202,168,
19,139,150,141,149,172,18,170,
190,120,385,124,384,143,190,140,
181,95,394,97,394,117,180,115,