208,815,577,796,579,821,209,840,
338,778,478,771,479,796,339,804,
159,745,638,728,638,754,160,770,
134,694,298,688,299,713,135,719,
393,689,441,689,441,714,393,714,
578,685,644,682,645,706,579,709,
135,659,261,659,261,685,135,685,
578,650,644,647,645,671,579,673,
302,628,320,628,320,652,302,652,
134,626,227,624,228,650,135,653,
0,575,98,566,109,693,2,702,
449,580,504,577,505,600,450,603,
325,579,367,579,367,599,325,599,
272,581,287,581,287,598,272,598,
583,577,637,577,637,601,583,601,
147,547,453,546,453,569,147,570,
566,511,631,511,631,533,566,533,
436,511,503,511,503,533,436,533,
325,512,365,512,365,531,325,531,
273,513,287,513,287,530,273,530,
150,479,544,481,544,504,149,501,
561,445,624,447,623,471,560,468,
434,443,500,446,499,470,433,467,
324,444,364,444,364,463,324,463,
273,445,288,445,288,462,273,462,
150,408,601,417,601,442,149,433,
155,375,610,385,609,414,155,404,
0,355,107,355,107,470,0,470,
265,338,526,347,525,379,264,370,
134,285,174,288,172,309,133,306,
272,263,512,276,511,297,271,284,
298,227,488,241,486,263,296,249,
0,149,118,149,118,262,0,262,
3,6,181,1,183,58,5,63,