178,1095,217,1095,217,1108,178,1108,
347,1095,387,1088,389,1101,349,1108,
31,1081,185,1089,184,1109,30,1100,
331,1086,387,1077,389,1090,333,1099,
69,1064,116,1067,115,1080,69,1077,
292,1072,391,1058,393,1074,294,1089,
140,1064,229,1059,230,1071,140,1077,
154,1049,180,1049,180,1058,154,1058,
296,1055,393,1042,395,1058,298,1071,
177,1048,235,1044,236,1055,178,1059,
39,1042,193,1031,194,1052,41,1063,
186,1032,238,1027,240,1043,188,1048,
1,1022,60,1017,61,1033,2,1039,
298,1020,398,1010,400,1028,300,1039,
164,1007,248,998,250,1014,166,1024,
2,994,55,988,57,1004,4,1010,
312,994,397,984,398,1000,314,1010,
66,990,92,987,93,995,67,998,
0,1006,398,967,400,987,1,1026,
160,975,247,966,249,982,162,991,
315,957,397,947,400,967,318,976,
0,974,369,930,372,952,2,996,
0,946,388,896,390,915,2,965,
0,888,61,883,62,903,0,909,
6,867,387,819,389,838,9,887,
254,801,337,792,339,813,256,822,
161,793,244,781,247,802,164,814,
313,774,396,764,399,785,315,795,
98,777,397,742,400,765,101,801,
0,752,50,745,52,762,3,769,
255,738,336,728,338,749,257,759,
161,730,245,720,247,741,164,751,
312,712,395,702,397,723,314,733,
1,705,52,701,54,722,2,726,
0,728,395,681,398,703,0,750,
161,687,244,677,247,698,164,708,
311,669,393,661,395,682,313,690,
0,666,53,659,56,680,1,687,
0,685,391,640,394,664,0,708,
164,647,245,637,247,657,166,666,
310,630,389,622,391,642,312,650,
9,623,93,616,95,636,10,643,
0,642,389,601,392,625,1,666,
0,602,55,598,57,617,1,622,
80,595,96,595,96,612,80,612,
252,597,332,587,334,607,255,616,
163,586,245,577,247,597,165,606,
303,571,391,562,393,582,305,591,
12,563,93,555,95,572,14,580,
0,582,392,542,394,564,0,604,
11,541,97,534,99,554,13,561,
92,552,343,528,345,549,94,574,
0,520,56,514,58,535,0,541,
88,517,94,517,94,528,88,528,
293,510,336,510,336,531,293,531,
153,508,245,498,247,518,155,527,
298,492,392,486,394,507,300,513,
0,481,55,476,57,496,0,500,
0,500,296,474,298,495,0,521,
85,477,94,477,94,488,85,488,
296,474,365,467,367,487,298,494,
154,467,244,460,245,480,155,487,
304,455,387,447,389,467,306,475,
0,440,54,436,55,455,1,460,
0,459,388,428,390,451,0,482,
83,437,94,437,94,449,83,449,
151,429,244,422,245,442,153,448,
291,416,392,409,394,429,293,436,
0,418,304,395,306,418,0,441,
7,400,92,395,92,415,8,419,
242,381,335,373,337,394,244,402,
0,379,50,374,52,395,0,400,
83,377,90,377,90,388,83,388,
151,368,241,361,243,382,153,389,
301,356,402,349,403,370,302,377,
0,357,140,348,142,369,0,378,
130,348,295,336,297,359,132,371,
0,336,48,333,49,354,0,357,
300,336,397,328,398,349,302,357,
149,327,242,319,243,339,150,347,
305,313,396,306,397,327,307,334,
2,295,92,293,92,312,3,315,
0,315,396,283,398,307,0,340,
0,272,51,272,51,293,0,293,
83,275,90,275,90,286,83,286,
251,276,335,268,337,289,253,297,
160,266,244,258,246,277,162,285,
313,248,397,243,398,264,315,269,
0,253,390,220,393,248,0,281,
0,216,197,202,199,222,0,235,
0,193,76,189,77,210,0,214,
273,191,400,176,402,197,276,213,
133,186,300,167,303,190,136,209,
300,167,399,157,401,176,302,187,
0,159,392,123,395,154,0,191,
109,136,318,113,320,133,111,156,
55,108,354,83,356,107,57,133,
26,84,385,67,387,98,28,115,
100,67,295,58,296,77,101,87,
344,61,381,65,379,77,342,72,
310,59,348,62,347,70,309,67,
24,61,142,51,144,68,26,78,
159,52,212,52,212,64,159,64,
80,42,170,42,170,53,80,53,
74,15,124,19,123,35,73,31,