88,912,457,942,450,1023,82,994,
8,927,62,927,62,981,8,981,
394,727,431,731,429,743,393,739,
421,716,429,716,429,725,421,725,
390,692,432,698,430,714,387,708,
181,689,254,697,253,711,179,703,
390,677,433,682,431,698,388,693,
176,673,233,679,232,690,175,684,
179,657,272,668,270,683,177,671,
394,652,435,659,433,675,391,668,
182,643,256,651,255,666,180,658,
400,634,438,639,436,655,398,650,
325,622,361,627,359,642,323,637,
185,620,249,629,247,644,183,635,
295,622,307,622,307,631,295,631,
403,609,443,616,440,636,399,628,
328,601,364,606,362,623,326,617,
174,601,274,615,272,629,172,615,
289,598,308,598,308,611,289,611,
189,588,275,600,273,615,187,603,
408,586,443,590,441,608,406,603,
334,575,364,580,362,596,331,591,
175,573,270,581,269,600,174,593,
297,574,314,574,314,588,297,588,
220,559,267,566,265,582,218,575,
178,557,193,557,193,570,178,570,
179,532,257,545,254,560,177,547,
442,527,451,527,451,537,442,537,
182,517,291,535,289,550,180,532,
187,502,272,515,270,530,184,517,
330,482,366,486,365,501,328,497,
288,477,307,477,307,489,288,489,
189,472,456,509,453,531,186,494,
237,444,422,471,419,493,234,465,
232,417,436,449,432,475,228,443,