71,2490,194,2484,196,2521,73,2527,
739,2482,841,2482,841,2519,739,2519,
208,2482,687,2482,687,2516,208,2516,
69,2437,718,2431,718,2476,69,2482,
369,2410,569,2408,570,2434,370,2437,
298,2373,613,2373,613,2410,298,2410,
177,2315,339,2315,339,2344,177,2344,
97,2315,187,2315,187,2344,97,2344,
346,2310,636,2310,636,2347,346,2347,
95,2278,369,2278,369,2312,95,2312,
92,2249,233,2243,234,2275,93,2281,
92,2215,231,2212,231,2241,93,2244,
51,2175,695,2175,695,2212,51,2212,
44,2141,487,2138,487,2175,44,2178,
672,2138,859,2138,859,2175,672,2175,
41,2106,487,2103,487,2140,41,2143,
690,2106,859,2106,859,2135,690,2135,
77,2069,482,2066,482,2103,77,2106,
413,2037,492,2037,492,2066,413,2066,
85,2037,208,2037,208,2066,85,2066,
36,1998,308,1998,308,2035,36,2035,
657,1990,864,1990,864,2027,657,2027,
36,1955,510,1955,510,1992,36,1992,
144,1894,528,1892,529,1929,144,1932,
772,1886,808,1886,808,1924,772,1924,
34,1841,536,1844,536,1897,33,1894,
657,1842,872,1842,872,1886,657,1886,
69,1759,242,1771,239,1816,66,1803,
528,1757,746,1751,747,1796,529,1802,
223,1736,236,1736,236,1752,223,1752,
35,1716,162,1726,160,1766,32,1756,
343,1720,556,1714,557,1759,345,1765,
654,1712,866,1706,867,1751,655,1757,
31,1678,867,1664,867,1712,31,1725,
174,1638,287,1638,287,1675,174,1675,
310,1635,369,1635,369,1675,310,1675,
28,1599,153,1592,155,1632,30,1638,
359,1590,554,1590,554,1627,359,1627,
672,1582,866,1576,867,1622,673,1628,
23,1553,564,1542,565,1585,24,1596,
569,1540,764,1540,764,1585,569,1585,
177,1508,290,1508,290,1548,177,1548,
316,1508,369,1508,369,1545,316,1545,
28,1469,158,1463,160,1502,29,1509,
359,1458,556,1452,557,1497,360,1503,
674,1453,866,1447,867,1492,676,1498,
25,1424,761,1405,762,1450,26,1469,
72,1384,162,1384,162,1421,72,1421,
69,1336,244,1336,244,1381,69,1381,
551,1328,739,1328,739,1365,551,1365,
215,1302,239,1302,239,1326,215,1326,
28,1296,162,1296,162,1334,28,1334,
361,1289,553,1283,555,1328,363,1334,
672,1286,862,1286,862,1323,672,1323,
23,1249,861,1235,862,1280,24,1294,
72,1212,162,1212,162,1249,72,1249,
72,1169,239,1169,239,1206,72,1206,
551,1159,736,1159,736,1196,551,1196,
31,1127,162,1127,162,1164,31,1164,
208,1127,244,1127,244,1159,208,1159,
359,1120,553,1113,555,1158,360,1165,
672,1114,859,1114,859,1151,672,1151,
25,1080,864,1066,865,1111,26,1125,
33,1045,159,1045,159,1074,33,1074,
215,1045,244,1045,244,1069,215,1069,
356,1038,548,1029,549,1068,358,1077,
671,1030,858,1021,860,1060,673,1069,
25,998,351,989,352,1034,26,1043,
331,987,866,976,867,1029,332,1040,
71,952,242,961,240,1001,69,992,
543,945,738,939,739,986,545,993,
203,930,230,907,249,930,221,953,
31,913,159,913,159,950,31,950,
359,908,553,902,555,947,360,953,
669,900,858,894,860,939,670,945,
25,865,618,860,618,905,26,910,
610,861,861,849,863,894,612,906,
223,836,236,836,236,855,223,855,
31,825,156,825,156,863,31,863,
359,823,549,820,549,860,359,863,
669,816,858,806,860,851,671,861,
25,783,861,767,862,812,26,828,
72,743,162,743,162,781,72,781,
31,701,162,701,162,738,31,738,
359,696,548,690,549,730,360,736,
669,685,859,685,859,730,669,730,
31,659,308,659,308,696,31,696,
333,651,856,637,857,682,334,696,
28,574,600,563,601,608,29,619,
582,561,851,558,852,598,583,601,
31,534,200,534,200,572,31,572,
315,522,856,505,857,558,317,575,
36,474,249,474,249,511,36,511,
256,458,833,447,834,500,257,511,
261,424,694,407,696,449,263,466,
156,371,758,346,760,388,158,413,
97,331,815,304,816,349,99,376,
235,287,629,264,632,309,238,332,
100,249,366,240,367,277,101,286,
418,239,810,224,811,259,419,273,
292,207,630,195,631,232,293,244,
292,159,667,153,667,198,293,204,
428,122,664,122,664,159,428,159,