142,938,484,911,486,933,144,959,
253,898,386,886,388,911,256,923,
94,874,538,838,541,863,96,900,
79,832,288,812,290,835,81,854,
472,796,538,796,538,819,472,819,
77,799,223,784,226,810,79,824,
75,763,219,750,221,776,77,789,
75,734,175,726,176,745,76,754,
473,728,529,723,531,748,475,753,
500,691,527,691,527,714,500,714,
77,701,252,682,255,705,79,724,
73,669,296,648,299,669,76,691,
65,622,200,613,201,634,66,644,
456,584,510,578,513,602,459,608,
66,588,204,578,206,599,68,610,
277,573,320,570,321,591,278,593,
66,562,160,555,162,578,68,584,
434,556,506,548,508,568,437,577,
66,524,170,521,170,543,67,545,
431,529,502,519,505,538,434,548,
64,499,140,496,141,515,65,519,
206,495,220,495,220,512,206,512,
428,491,498,481,501,502,431,512,
73,462,145,462,145,480,73,480,
178,459,191,459,191,475,178,475,
220,451,259,451,259,470,220,470,
327,444,374,439,376,458,329,464,
72,435,177,432,178,451,72,455,
430,430,488,423,491,442,433,450,
324,416,373,411,375,432,327,437,
70,410,335,390,337,414,72,435,
173,378,190,378,190,393,173,393,
218,373,252,373,252,390,218,390,
300,365,366,359,368,377,302,383,
412,349,478,342,481,361,414,369,
68,354,392,327,395,357,71,384,
72,325,466,288,469,321,75,358,
164,293,388,271,390,298,167,320,
70,266,87,266,87,279,70,279,
166,234,373,214,375,235,168,256,
188,207,351,190,353,209,190,226,