65,605,342,618,341,633,64,625,
159,589,273,595,272,614,158,609,
28,548,415,572,414,596,26,572,
353,531,422,534,421,555,352,551,
198,519,238,523,236,546,196,542,
10,509,131,513,130,533,10,529,
353,501,423,505,422,525,352,522,
10,483,103,488,102,508,9,504,
133,469,145,469,145,484,133,484,
9,460,78,460,78,480,9,480,
360,438,419,440,418,461,359,458,
254,435,300,435,300,454,254,454,
151,431,184,431,184,446,151,446,
113,430,122,430,122,443,113,443,
18,397,291,407,290,427,18,417,
357,378,418,378,418,399,357,399,
244,374,300,377,299,395,243,392,
154,372,185,372,185,387,154,387,
113,374,123,374,123,385,113,385,
18,342,373,351,373,371,18,361,
357,319,417,319,417,340,357,340,
252,314,301,316,300,338,251,335,
152,315,187,315,187,333,152,333,
114,315,126,315,126,330,114,330,
19,284,391,289,391,312,19,307,
357,261,416,261,416,281,357,281,
244,259,301,259,301,279,244,279,
155,260,188,260,188,276,155,276,
114,260,126,260,126,274,114,274,
20,231,294,233,294,253,20,251,
24,204,407,204,407,228,24,228,
110,171,329,171,329,198,110,198,
6,130,37,130,37,149,6,149,
114,105,320,104,320,124,114,125,
135,75,300,72,300,93,136,96,