687,1189,755,1196,752,1222,684,1214,
255,1153,656,1187,654,1213,253,1179,
315,1099,695,1131,693,1159,312,1128,
286,1067,743,1106,741,1130,284,1091,
312,981,626,1008,624,1032,310,1005,
316,952,478,970,475,993,314,975,
319,924,402,931,400,955,317,948,
325,899,407,905,405,927,323,920,
667,872,759,879,757,903,665,896,
306,867,666,900,664,926,304,893,
657,842,761,852,758,876,655,866,
309,842,558,861,556,886,307,866,
315,813,407,822,405,846,313,837,
318,788,575,810,573,834,315,812,
714,770,731,770,731,791,714,791,
380,739,587,758,584,782,378,763,
664,735,765,742,763,766,662,759,
331,708,591,731,589,755,329,732,
677,682,768,689,766,715,675,708,
515,670,608,676,606,701,513,694,
432,669,444,669,444,682,432,682,
336,657,405,662,403,683,334,678,
339,628,772,661,770,689,337,657,
679,627,770,631,769,656,678,653,
523,617,611,622,610,646,522,641,
413,615,451,615,451,632,413,632,
345,603,414,610,412,631,343,624,
346,576,771,607,769,631,345,600,
351,523,777,550,775,578,349,552,
699,519,776,524,775,545,697,540,
502,508,673,518,672,544,500,533,
353,499,443,503,442,528,352,525,
357,441,772,467,770,496,355,469,
654,434,739,439,737,460,652,455,
527,428,636,433,635,453,526,448,
426,421,530,429,528,449,424,441,
426,362,756,385,754,409,424,387,
438,335,749,353,747,378,436,360,
417,304,761,324,759,352,416,332,
452,275,740,294,738,322,450,304,
364,243,800,268,798,296,362,271,
375,216,791,238,789,264,374,241,
368,183,804,208,802,237,366,211,
456,159,737,175,736,201,455,185,
469,132,731,146,730,171,468,158,
537,102,669,113,667,141,534,130,