74,458,401,457,401,488,74,489,
12,417,201,417,201,441,12,441,
410,415,498,415,498,440,410,440,
12,378,212,382,212,406,12,402,
467,378,497,378,497,404,467,404,
13,342,117,347,116,372,11,367,
404,343,491,343,491,368,404,368,
230,346,247,346,247,368,230,368,
17,315,170,315,170,336,17,336,
357,317,370,317,370,333,357,333,
267,313,336,315,336,336,266,333,
409,312,490,312,490,336,409,336,
229,315,246,313,249,333,232,335,
341,283,366,283,366,300,341,300,
268,281,304,281,304,301,268,301,
23,278,116,280,116,304,22,302,
372,280,486,278,487,299,373,301,
215,279,241,279,241,302,215,302,
33,250,331,250,331,273,33,273,
34,219,362,217,363,244,34,246,
38,188,216,191,216,215,37,212,
35,150,392,145,392,177,36,181,
105,115,411,109,412,146,106,152,