103,798,499,816,498,842,102,825,
221,775,374,780,373,804,221,800,
57,730,580,739,580,766,56,757,
502,685,590,685,590,713,502,713,
30,687,174,687,174,708,30,708,
272,646,324,644,325,669,273,672,
34,646,180,643,181,667,35,670,
488,641,592,641,592,669,488,669,
35,613,144,613,144,638,35,638,
488,598,591,596,591,624,489,626,
32,582,114,579,115,605,33,607,
189,583,203,583,203,604,189,604,
156,535,168,535,168,550,156,550,
211,531,252,528,254,546,212,549,
334,521,409,515,411,541,337,547,
497,510,585,504,587,533,499,539,
38,503,384,481,386,508,40,530,
152,456,188,456,188,479,152,479,
207,453,253,449,255,472,209,476,
331,443,410,435,412,461,334,469,
496,428,583,420,585,445,498,453,
46,400,150,393,152,414,47,420,
39,434,537,384,540,411,42,461,
169,387,227,381,230,402,171,409,
218,381,316,370,319,394,221,405,
307,368,414,360,416,388,309,396,
406,359,564,340,567,365,409,384,
146,341,451,304,455,339,150,375,
25,302,53,302,53,322,25,322,
149,247,437,210,441,240,153,277,
176,202,406,169,410,196,180,229,