126,1325,397,1323,397,1343,126,1345,
63,1239,293,1239,293,1259,63,1259,
306,1223,333,1223,333,1239,306,1239,
270,1223,297,1223,297,1239,270,1239,
350,1219,419,1219,419,1239,350,1239,
62,1215,224,1216,224,1240,62,1239,
436,1215,469,1215,469,1237,436,1237,
259,1199,335,1202,334,1224,258,1220,
350,1202,380,1202,380,1219,350,1219,
65,1202,102,1202,102,1219,65,1219,
178,1201,218,1201,218,1219,178,1219,
436,1198,469,1198,469,1222,436,1222,
399,1162,472,1162,472,1185,399,1185,
250,1161,344,1161,344,1185,250,1185,
63,1157,207,1160,206,1182,63,1179,
59,1140,220,1143,219,1163,59,1160,
217,1105,303,1105,303,1129,217,1129,
75,1099,203,1102,202,1126,74,1123,
237,1082,342,1085,341,1109,236,1106,
75,1079,142,1079,142,1105,75,1105,
349,1044,445,1044,445,1069,349,1069,
247,1040,285,1040,285,1068,247,1068,
55,1035,102,1035,102,1062,55,1062,
350,1000,445,1005,444,1030,348,1025,
245,996,268,996,268,1025,245,1025,
56,991,154,998,152,1027,54,1021,
377,957,462,962,461,988,375,983,
263,965,270,965,270,975,263,975,
114,953,223,956,222,980,113,977,
367,901,387,901,387,922,367,922,
64,892,157,897,156,918,63,914,
365,880,459,883,459,907,364,904,
215,877,278,877,278,904,215,904,
66,876,195,879,195,899,66,895,
370,833,380,833,380,843,370,843,
69,822,160,825,159,846,69,843,
364,808,458,808,458,832,364,832,
220,811,237,811,237,823,220,823,
247,808,273,808,273,825,247,825,
68,802,195,805,195,825,67,822,
370,750,386,758,376,777,360,769,
63,749,162,749,162,768,63,768,
365,731,459,735,458,760,364,757,
230,732,274,732,274,753,230,753,
215,733,234,733,234,751,215,751,
62,727,191,730,190,750,62,747,
364,674,383,674,383,694,364,694,
57,665,139,668,139,690,56,686,
363,651,461,651,461,675,363,675,
242,653,270,653,270,671,242,671,
214,654,230,654,230,668,214,668,
56,644,187,649,186,668,56,664,
395,606,471,609,470,636,394,632,
265,606,339,606,339,631,265,631,
52,600,168,603,167,629,51,626,
364,566,384,566,384,588,364,588,
51,558,128,561,127,585,50,582,
364,544,462,544,462,569,364,569,
230,544,287,544,287,565,230,565,
212,547,228,547,228,561,212,561,
51,537,187,540,186,564,50,561,
364,482,383,482,383,501,364,501,
53,477,136,477,136,501,53,501,
366,459,462,459,462,483,366,483,
55,458,185,458,185,482,55,482,
202,458,268,453,270,478,204,484,
54,395,130,399,128,424,53,421,
363,396,383,396,383,417,363,417,
54,379,186,374,187,398,55,403,
212,377,227,377,227,393,212,393,
366,371,463,371,463,396,366,396,
57,318,131,318,131,340,57,340,
363,308,383,308,383,332,363,332,
55,297,270,286,272,316,57,327,
363,284,463,284,463,308,363,308,
163,255,345,244,346,268,165,279,
175,232,338,223,339,247,176,256,
116,215,410,197,412,227,117,245,
137,197,376,183,378,207,139,221,
146,177,368,162,369,186,147,201,
215,153,276,148,277,169,217,174,
166,127,333,115,335,141,168,153,
261,73,327,73,327,105,261,105,
264,41,323,41,323,72,264,72,