30,604,360,607,359,623,30,620,
76,584,324,586,324,603,76,601,
329,546,365,550,363,565,327,561,
28,548,335,548,335,562,28,562,
88,528,305,526,305,543,88,544,
87,468,295,466,295,483,87,485,
20,449,121,449,121,466,20,466,
352,448,363,448,363,463,352,463,
28,430,94,430,94,444,28,444,
309,428,360,428,360,442,309,442,
19,409,135,408,135,423,19,424,
308,406,361,406,361,423,308,423,
20,389,158,389,158,403,20,403,
347,388,360,388,360,402,347,402,
19,368,189,367,189,382,19,383,
306,366,358,368,357,383,306,381,
16,330,124,328,124,341,16,343,
303,327,357,327,357,344,303,344,
256,328,268,328,268,342,256,342,
177,327,220,327,220,342,177,342,
16,308,305,306,305,322,16,324,
15,289,121,288,121,302,15,303,
303,286,356,286,356,303,303,303,
253,288,268,288,268,302,253,302,
177,286,218,288,217,303,176,301,
14,267,297,266,297,283,14,284,
15,249,80,249,80,263,15,263,
158,247,218,247,218,264,158,264,
246,246,265,246,265,262,246,262,
304,244,355,244,355,262,304,262,
13,207,79,207,79,224,13,224,
244,205,353,201,354,218,245,222,
11,186,214,185,214,202,11,203,
260,184,353,182,354,197,261,198,
119,164,249,164,249,180,119,180,
181,131,284,129,284,145,181,148,
15,110,119,110,119,135,15,135,
174,109,291,106,291,124,175,127,
166,85,297,83,297,101,167,103,
182,62,282,60,282,78,182,80,