178,1021,208,1021,208,1029,178,1029,
428,1019,488,1019,488,1030,428,1030,
290,1020,355,1018,355,1030,291,1033,
0,1003,409,1002,409,1017,0,1018,
417,1002,448,1002,448,1014,417,1014,
114,988,124,988,124,994,114,994,
283,984,349,984,349,996,283,996,
164,984,201,984,201,995,164,995,
409,983,486,983,486,995,409,995,
1,967,218,967,218,981,1,981,
214,967,369,963,370,979,215,982,
2,947,52,947,52,959,2,959,
282,946,342,943,342,959,283,961,
419,945,485,945,485,957,419,957,
152,945,194,945,194,957,152,957,
4,928,85,928,85,940,4,940,
285,927,340,927,340,939,285,939,
0,907,367,903,367,922,0,925,
1,887,32,887,32,901,1,901,
256,883,330,883,330,899,256,899,
131,885,179,882,180,897,131,900,
409,882,483,882,483,898,409,898,
0,867,62,865,63,881,0,884,
255,864,328,861,329,877,255,879,
0,843,340,839,340,858,0,863,
33,819,65,819,65,835,33,835,
107,818,154,818,154,833,107,833,
253,818,316,815,317,831,253,833,
388,816,478,816,478,831,388,831,
2,797,41,797,41,813,2,813,
253,795,317,795,317,810,253,810,
0,773,341,768,341,787,0,792,
81,745,131,742,132,758,82,761,
16,744,36,744,36,763,16,763,
207,742,304,740,305,759,207,761,
377,740,476,740,476,759,377,759,
0,718,376,713,376,735,0,740,
378,715,423,715,423,731,378,731,
1,693,11,693,11,705,1,705,
65,689,111,689,111,704,65,704,
223,685,294,683,295,703,224,705,
400,683,473,681,474,701,401,703,
0,658,433,650,433,676,0,684,
41,626,93,626,93,646,41,646,
194,623,283,619,284,642,195,646,
383,619,473,619,473,642,383,642,
1,595,352,588,352,611,1,618,
14,555,72,553,73,577,15,579,
176,552,273,549,274,576,176,578,
374,550,471,546,472,569,374,573,
0,522,285,513,286,541,0,550,
0,477,46,477,46,503,0,503,
158,474,259,470,260,498,159,502,
369,468,470,464,471,490,370,494,
0,439,342,427,343,456,1,469,
332,428,389,428,389,453,332,453,
1,391,14,391,14,413,1,413,
135,384,244,378,246,410,136,415,
361,375,472,370,473,400,363,405,
4,344,270,334,271,362,5,373,
109,281,226,275,228,310,111,316,
350,271,470,264,472,298,352,305,
2,238,410,220,412,252,3,271,
52,184,197,179,198,213,54,218,
242,177,439,171,440,200,243,206,
6,125,268,116,270,157,8,167,
5,28,226,34,225,59,4,53,