307,996,469,997,469,1012,307,1011,
141,992,314,996,314,1011,141,1007,
254,975,386,977,386,995,254,993,
91,944,546,950,545,973,90,966,
480,914,554,913,554,932,480,933,
59,909,212,913,211,931,59,927,
307,883,351,883,351,903,307,903,
482,880,557,878,558,901,483,904,
65,875,221,878,220,899,64,896,
64,843,203,848,202,874,63,869,
482,845,556,842,557,865,483,867,
227,822,241,822,241,839,227,839,
66,815,154,817,153,841,65,838,
489,772,554,772,554,795,489,795,
365,773,424,773,424,793,365,793,
249,773,292,770,294,790,251,793,
199,772,213,772,213,791,199,791,
80,737,524,738,524,764,80,763,
2,713,62,713,62,809,2,809,
487,703,552,705,551,728,486,725,
360,703,427,703,427,725,360,725,
254,701,293,701,293,720,254,720,
183,702,215,702,215,719,183,719,
83,664,407,672,406,698,83,690,
485,641,549,641,549,660,485,660,
343,638,424,638,424,656,343,656,
205,631,299,634,299,652,205,649,
91,596,504,608,503,633,90,621,
482,578,547,578,547,596,482,596,
359,573,450,576,449,594,359,591,
261,571,300,571,300,587,261,587,
99,531,521,548,520,572,98,555,
12,509,83,514,76,609,5,604,
108,500,535,519,534,544,107,526,
210,468,458,482,456,511,208,498,
96,425,129,425,129,442,96,442,
220,401,448,415,446,437,219,422,
242,370,426,383,424,405,241,391,
5,323,115,323,115,423,5,423,
0,159,149,144,160,241,4,256,
0,12,156,0,167,71,6,91,