356,1300,409,1291,411,1306,358,1314,
640,1260,726,1248,729,1270,643,1282,
759,1240,819,1234,822,1262,762,1267,
390,1222,756,1177,760,1207,394,1252,
354,1192,798,1140,802,1170,358,1222,
357,1097,668,1063,671,1088,360,1122,
355,1065,516,1052,518,1077,357,1089,
352,1035,435,1028,437,1052,354,1059,
350,1007,434,1000,436,1024,352,1031,
325,978,681,941,684,966,328,1003,
319,950,572,922,575,951,323,979,
321,924,413,916,415,937,323,945,
698,907,765,900,768,925,701,933,
319,895,391,892,392,913,320,917,
669,880,764,870,767,896,672,906,
389,889,573,868,575,891,392,912,
367,834,574,810,577,835,370,859,
702,793,719,793,719,812,702,812,
309,809,573,779,577,809,313,839,
653,766,743,755,747,780,656,792,
382,749,442,742,445,763,385,771,
433,740,482,737,483,758,435,762,
302,730,373,721,377,746,305,755,
473,707,572,694,575,720,477,732,
640,681,734,669,738,699,644,711,
303,702,665,653,669,678,307,727,
289,621,379,609,383,635,292,647,
297,648,719,588,723,614,301,674,
436,601,611,575,615,601,440,627,
628,576,714,562,717,583,632,596,
277,563,696,505,701,535,281,593,
341,529,557,497,561,521,345,553,
549,497,658,482,661,505,552,520,
332,473,666,426,670,450,336,498,
337,444,650,399,654,423,340,468,
309,415,657,364,662,394,313,445,
338,380,634,339,638,367,342,408,
245,368,682,302,687,328,249,394,
248,336,669,273,673,302,252,364,
235,307,676,242,680,270,239,336,
317,264,604,222,608,248,321,290,
323,233,590,192,595,221,328,262,
385,192,524,175,528,204,388,220,