247,448,373,440,375,465,249,470,
22,426,207,414,209,442,24,454,
379,400,455,394,457,417,381,424,
24,391,218,381,219,404,26,413,
431,363,456,363,456,385,431,385,
23,357,128,352,129,377,25,382,
231,344,252,344,252,371,231,371,
379,334,454,328,456,353,381,359,
25,327,194,317,195,337,27,348,
232,314,249,314,249,335,232,335,
276,312,324,310,325,329,277,331,
342,310,356,310,356,325,342,325,
386,304,455,299,456,320,388,325,
32,288,125,285,126,310,32,312,
217,278,244,278,244,305,217,305,
266,279,299,276,300,297,267,299,
331,276,353,276,353,293,331,293,
363,270,454,267,455,290,364,294,
39,255,322,242,323,266,40,279,
39,223,351,212,352,238,40,250,
42,191,221,189,221,210,42,212,
39,152,379,142,380,171,40,182,
111,117,394,111,395,140,112,146,