94,397,367,397,367,421,94,421,
374,363,449,363,449,384,374,384,
30,361,201,364,201,385,29,381,
423,333,449,333,449,354,423,354,
30,327,213,332,213,356,29,351,
373,304,448,304,448,325,373,325,
226,306,240,306,240,323,226,323,
29,298,126,303,125,324,28,320,
336,281,347,281,347,291,336,291,
257,278,316,278,316,296,257,296,
227,280,244,280,244,294,227,294,
379,278,447,278,447,295,379,295,
30,272,168,276,168,296,29,293,
323,252,343,252,343,265,323,265,
358,249,446,249,446,266,358,266,
258,248,292,248,292,267,258,267,
213,248,232,248,232,267,213,267,
39,241,123,246,122,267,37,262,
45,215,314,219,314,240,45,236,
44,189,342,195,341,215,44,209,
45,160,212,167,212,187,45,180,
43,129,368,135,368,159,43,152,
109,101,383,103,383,131,109,129,