123,658,401,667,400,695,122,686,
404,603,490,605,490,629,403,627,
45,610,187,598,189,626,47,638,
48,573,59,573,59,591,48,591,
404,557,491,557,491,581,404,581,
207,557,283,555,284,577,208,579,
43,528,329,516,330,547,45,559,
49,500,60,500,60,517,49,517,
208,485,284,483,285,505,209,507,
404,481,490,481,490,502,404,502,
44,458,308,444,309,472,46,486,
47,426,74,426,74,448,47,448,
209,413,281,411,282,436,210,438,
380,404,490,400,491,425,381,429,
171,346,188,346,188,357,171,357,
48,346,163,341,164,362,50,367,
336,332,490,318,492,341,338,355,
164,301,353,288,355,313,165,326,
153,233,365,217,367,241,155,257,
154,171,364,154,366,181,156,198,