13,639,28,639,28,666,13,666,
96,630,207,630,207,647,96,647,
102,612,192,612,192,626,102,626,
14,606,28,606,28,645,14,645,
16,594,30,594,30,606,16,606,
22,588,274,589,274,609,22,608,
69,566,231,567,231,587,69,586,
16,560,27,560,27,589,16,589,
18,538,26,538,26,553,18,553,
90,530,212,530,212,547,90,547,
94,509,208,510,208,527,94,526,
19,497,24,497,24,504,19,504,
60,490,232,490,232,507,60,507,
17,476,26,476,26,489,17,489,
19,464,24,464,24,471,19,471,
184,452,271,452,271,466,184,466,
33,451,80,451,80,466,33,466,
18,435,26,435,26,445,18,445,
31,412,76,412,76,427,31,427,
235,411,271,411,271,426,235,426,
165,392,272,392,272,406,165,406,
31,392,72,392,72,407,31,407,
226,370,272,370,272,388,226,388,
31,370,86,370,86,388,31,388,
32,351,73,354,72,368,31,365,
242,352,272,352,272,367,242,367,
223,331,272,331,272,347,223,347,
32,331,83,331,83,348,32,348,
243,314,271,314,271,327,243,327,
30,311,94,311,94,328,30,328,
222,292,270,292,270,306,222,306,
31,290,81,290,81,308,31,308,
15,265,28,265,28,284,15,284,
50,252,249,252,249,269,50,269,
15,245,29,245,29,266,15,266,
18,238,26,238,26,247,18,247,
43,233,248,233,248,250,43,250,
191,176,269,176,269,193,191,193,
30,176,98,176,98,194,30,194,
32,158,84,158,84,172,32,172,
140,156,268,156,268,173,140,173,
231,138,267,138,267,153,231,153,
31,137,90,137,90,154,31,154,
145,98,192,98,192,120,145,120,
88,90,149,90,149,124,88,124,