448,1329,488,1329,488,1350,448,1350,
490,1324,540,1320,542,1345,492,1349,
270,1327,384,1311,387,1337,273,1352,
205,1313,298,1298,302,1324,209,1339,
203,1288,295,1273,299,1297,207,1312,
172,1260,573,1189,578,1219,177,1290,
168,1233,454,1181,459,1209,174,1261,
169,1203,277,1185,282,1211,173,1229,
570,1164,669,1149,673,1175,574,1189,
162,1171,466,1125,470,1155,166,1201,
558,1134,669,1119,673,1148,562,1163,
226,1095,473,1059,477,1088,231,1125,
611,1044,631,1033,643,1055,623,1066,
153,1072,476,1024,481,1058,158,1106,
558,1013,670,1000,674,1029,562,1043,
148,1005,237,996,240,1023,151,1033,
274,989,294,989,294,1013,274,1013,
381,972,488,957,492,988,385,1003,
559,950,670,936,674,967,563,981,
145,971,385,937,389,966,149,999,
243,933,253,933,253,940,243,940,
144,936,236,925,239,951,147,962,
273,922,289,922,289,943,273,943,
372,937,669,907,672,936,375,966,
380,904,484,891,488,921,384,934,
557,884,669,874,672,904,560,914,
141,897,473,860,476,890,145,927,
480,861,668,845,671,871,483,887,
133,793,254,780,257,810,136,823,
135,828,668,773,671,803,138,858,
332,773,668,740,671,770,335,803,
124,715,656,677,658,711,126,749,
215,674,387,662,389,690,217,702,
374,663,490,655,491,680,376,688,
482,653,614,645,616,675,484,683,
208,598,632,577,634,610,209,630,
220,559,619,541,620,573,222,591,
187,520,629,504,630,537,188,553,
230,481,602,469,603,499,231,510,
103,443,671,427,672,461,104,477,
117,402,657,390,658,423,118,434,
101,359,671,354,671,386,101,392,
219,319,589,316,589,345,220,348,
236,278,575,278,575,307,236,307,
319,234,495,238,494,272,319,268,