146,443,162,443,162,472,146,472,
314,413,335,413,335,440,314,440,
265,411,283,411,283,468,265,468,
183,408,201,408,201,471,183,471,
220,374,245,375,242,471,216,470,
299,337,348,337,348,375,299,375,
316,269,336,271,332,301,313,300,
266,270,284,270,284,325,266,325,
581,224,599,224,599,272,581,272,
315,202,335,202,335,231,315,231,
427,177,444,177,444,313,427,313,
520,167,541,167,537,327,517,327,
543,163,567,163,568,464,544,464,
496,162,514,162,513,336,495,336,
88,156,112,156,110,338,86,338,
458,119,483,119,482,373,456,373,
37,113,61,113,61,405,37,405,
315,82,333,82,333,157,315,157,
610,46,638,46,638,451,610,451,
260,41,282,41,282,115,260,115,
547,33,567,33,567,148,547,148,
144,25,165,25,165,140,144,140,
184,24,202,25,199,89,182,88,
214,18,242,19,239,213,210,212,
318,22,331,22,331,37,318,37,
393,18,413,17,414,294,394,294,
360,17,381,16,383,207,362,207,