40,716,417,724,416,746,40,739,
90,694,373,700,372,720,89,714,
39,642,427,654,426,680,39,669,
109,623,352,630,352,651,109,643,
119,553,351,562,350,582,118,574,
368,542,424,545,423,563,368,560,
41,529,158,533,157,554,41,549,
368,520,423,522,422,540,368,537,
50,506,131,509,130,530,49,527,
377,499,422,499,422,517,377,517,
42,482,176,487,176,507,42,503,
359,475,416,478,415,494,358,492,
43,460,195,465,194,485,43,480,
375,452,422,455,421,473,374,470,
43,436,238,444,237,465,43,456,
367,409,422,411,421,429,367,427,
40,394,63,394,63,411,40,411,
374,386,422,389,421,408,373,405,
313,385,327,385,327,402,313,402,
225,377,275,381,273,403,223,399,
41,368,166,377,165,395,40,386,
39,343,328,362,327,383,38,363,
359,340,415,342,414,363,358,360,
298,339,317,339,317,358,298,358,
208,331,266,334,265,356,207,352,
40,318,119,325,117,347,38,340,
306,294,421,302,420,320,305,312,
40,272,116,278,115,298,39,292,
323,272,413,278,412,296,322,290,
38,248,273,267,271,288,36,268,
163,235,300,248,298,268,161,255,
238,200,348,209,347,226,237,217,
223,170,364,184,362,205,221,191,
43,147,168,163,164,195,39,179,
211,143,376,161,374,182,209,163,
230,120,357,132,355,153,228,141,