128,970,538,966,538,996,128,999,
542,889,634,889,634,912,542,912,
26,885,202,888,201,915,25,913,
509,847,632,847,632,870,509,870,
27,836,195,845,194,880,25,871,
538,777,640,777,640,796,538,796,
27,765,166,769,165,795,26,792,
575,734,642,734,642,758,575,758,
430,733,502,735,502,759,430,757,
362,733,377,733,377,756,362,756,
36,725,143,728,142,755,35,752,
563,698,642,698,642,722,563,722,
425,696,503,696,503,720,425,720,
361,695,379,695,379,719,361,719,
32,687,166,691,165,721,31,717,
561,661,641,661,641,684,561,684,
436,659,501,659,501,683,436,683,
34,653,255,656,255,682,33,679,
361,657,379,657,379,682,361,682,
558,624,640,621,641,645,558,648,
425,622,502,622,502,646,425,646,
33,617,300,617,300,643,33,643,
361,619,380,619,380,643,361,643,
559,585,637,585,637,609,559,609,
424,581,500,585,499,609,423,605,
32,580,173,580,173,606,32,606,
361,581,380,581,380,605,361,605,
512,543,636,543,636,569,512,569,
406,539,496,543,495,570,405,566,
22,539,167,536,167,563,23,565,
356,540,387,540,387,562,356,562,
567,503,629,503,629,527,567,527,
24,498,127,498,127,521,24,521,
359,496,441,501,440,525,357,520,
268,495,331,495,331,518,268,518,
507,469,629,471,629,493,506,491,
357,462,433,467,431,496,355,490,
23,465,84,465,84,489,23,489,
166,458,335,463,335,489,166,484,
510,437,629,437,629,460,510,460,
356,433,404,433,404,457,356,457,
23,433,110,433,110,456,23,456,
190,432,333,432,333,454,190,454,
170,391,486,396,485,424,169,420,
224,356,433,362,433,385,224,379,
38,311,617,317,617,347,38,340,
360,279,410,272,411,283,362,289,
215,197,469,200,468,252,215,250,