442,437,457,437,457,461,442,461,
505,434,521,434,521,461,505,461,
604,386,618,386,618,454,604,454,
532,384,547,385,542,428,527,426,
340,346,353,346,353,461,340,461,
632,339,655,338,660,455,637,456,
439,323,459,323,459,394,439,394,
505,321,525,321,525,426,505,426,
161,319,181,319,181,445,161,445,
485,314,502,314,502,425,485,425,
398,281,415,281,415,463,398,463,
564,271,591,271,595,458,568,458,
440,258,458,258,458,282,440,282,
503,246,517,246,517,261,503,261,
133,217,149,217,149,277,133,277,
366,197,384,197,385,460,367,460,
276,195,294,195,296,285,278,286,
439,188,457,188,457,217,439,217,
241,182,264,182,264,362,241,362,
311,178,329,179,327,306,309,305,
187,167,207,167,207,317,187,317,
500,162,521,162,521,218,500,218,
209,158,226,158,228,323,211,323,
684,154,708,154,705,323,681,323,
430,126,447,126,447,146,430,146,
240,122,261,122,261,192,240,192,
448,122,468,122,468,152,448,152,
731,93,751,93,750,365,730,365,
440,57,456,57,456,82,440,82,
93,43,123,42,128,438,98,439,
158,34,181,33,184,327,161,327,
502,31,520,31,520,91,502,91,
563,24,588,25,586,131,561,131,
601,27,619,27,619,95,601,95,
638,26,656,26,656,49,638,49,