190,841,221,841,221,848,190,848,
223,839,258,839,258,850,223,850,
2,810,53,810,53,828,2,828,
47,524,267,507,268,524,48,541,
86,502,268,490,269,506,87,519,
49,473,71,473,71,484,49,484,
77,471,267,458,268,472,78,484,
97,449,268,441,269,457,98,466,
99,401,268,391,269,408,100,417,
41,389,126,384,127,398,42,403,
46,372,104,372,104,386,46,386,
40,357,136,353,136,368,41,372,
39,341,147,338,148,351,39,354,
38,325,178,321,178,335,38,338,
35,297,123,295,124,308,35,310,
156,294,201,292,202,305,157,308,
227,293,239,293,239,302,227,302,
33,282,208,278,208,292,33,296,
204,280,221,280,221,288,204,288,
217,276,269,274,269,288,218,290,
34,267,122,267,122,280,34,280,
154,266,196,263,196,277,155,279,
225,265,244,265,244,273,225,273,
30,252,265,244,266,264,31,271,
33,242,49,242,49,251,33,251,
32,226,116,227,116,238,32,237,
155,225,189,223,190,237,156,240,
219,225,232,225,232,233,219,233,
261,223,268,223,268,230,261,230,
28,210,237,206,237,224,29,228,
32,200,45,200,45,209,32,209,
256,194,265,194,265,203,256,203,
28,185,113,185,113,198,28,198,
150,184,184,181,185,196,152,199,
213,185,223,185,223,191,213,191,
254,178,269,178,269,190,254,190,
25,169,232,166,232,185,26,188,
136,158,176,158,176,172,136,172,
27,157,80,159,80,173,26,170,
195,159,209,159,209,168,195,168,
236,152,269,152,269,167,236,167,
25,131,76,134,75,148,24,145,
197,131,267,127,268,141,198,145,
25,120,177,120,177,134,25,134,
203,118,266,114,267,128,204,131,
100,108,190,106,190,120,100,121,
145,85,218,81,219,94,146,99,
23,69,102,72,101,89,22,86,
123,71,236,67,236,81,124,85,
138,56,219,53,220,67,139,70,
57,55,66,55,66,67,57,67,
121,46,231,41,231,54,122,58,