303,1132,371,1129,372,1152,304,1155,
39,1089,639,1085,640,1128,40,1132,
36,1042,191,1046,190,1073,35,1068,
526,1038,637,1038,637,1061,526,1061,
29,998,286,995,287,1025,30,1028,
489,987,635,984,636,1014,490,1017,
78,944,125,948,123,965,77,962,
41,926,58,926,58,945,41,945,
316,919,342,919,342,941,316,941,
385,917,471,917,471,940,385,940,
546,914,630,914,630,937,546,937,
76,912,262,908,262,934,77,939,
76,871,150,874,149,897,75,894,
39,860,54,860,54,879,39,879,
320,856,338,856,338,871,320,871,
548,850,631,850,631,873,548,873,
384,850,472,848,472,871,384,873,
70,839,244,844,243,869,70,865,
69,798,242,797,242,819,69,821,
38,795,75,795,75,819,38,819,
562,793,632,793,632,816,562,816,
398,792,471,792,471,813,398,813,
321,795,339,795,339,813,321,813,
74,747,257,746,257,769,74,770,
42,746,75,746,75,769,42,769,
551,744,635,744,635,765,551,765,
386,744,472,744,472,765,386,765,
320,746,339,746,339,764,320,764,
82,709,148,709,148,731,82,731,
84,678,241,678,241,696,84,696,
320,673,338,673,338,689,320,689,
550,669,635,669,635,692,550,692,
386,669,472,668,472,690,386,692,
82,645,217,649,216,672,81,668,
364,602,453,598,454,626,365,630,
128,595,234,601,233,628,126,622,
291,599,323,599,323,625,291,625,
46,601,68,601,68,622,46,622,
540,597,572,597,572,623,540,623,
26,554,203,557,203,582,26,579,
27,513,228,515,227,539,27,537,
30,475,122,475,122,493,30,493,
27,431,397,435,397,458,27,454,
261,392,413,393,413,415,261,413,
221,342,457,339,458,373,222,376,
267,300,418,297,418,324,267,326,
212,263,471,266,471,296,211,293,
47,221,631,234,630,268,46,255,
39,186,637,206,636,237,38,216,
74,136,603,160,601,198,72,174,