277,883,354,881,354,892,277,894,
174,868,284,865,284,879,174,882,
35,845,420,835,420,855,36,865,
20,812,206,810,206,827,20,829,
368,803,423,801,424,819,369,821,
19,788,148,785,148,803,19,806,
19,760,145,759,145,777,19,778,
379,751,424,751,424,769,379,769,
18,735,109,733,110,750,18,752,
402,722,425,722,425,743,402,743,
21,708,139,704,139,722,21,726,
19,681,222,676,222,693,19,698,
210,635,249,635,249,654,210,654,
13,638,139,634,139,652,13,656,
358,632,421,632,421,649,358,649,
14,613,100,612,101,630,14,631,
357,606,421,606,421,623,357,623,
16,581,110,581,110,598,16,598,
355,573,420,571,421,589,356,591,
134,558,157,558,157,575,134,575,
17,557,86,557,86,575,17,575,
120,523,133,523,133,538,120,538,
161,522,193,520,195,536,163,538,
253,520,306,518,307,536,254,538,
360,517,415,516,415,534,360,535,
25,501,301,495,301,512,25,518,
24,472,133,470,133,488,24,490,
163,470,194,470,194,485,163,485,
259,469,305,467,306,485,260,487,
358,465,413,464,414,482,358,483,
26,448,122,448,122,465,26,465,
261,444,306,442,307,460,262,462,
26,425,370,419,370,436,26,442,
26,397,134,395,134,412,26,414,
163,396,194,396,194,411,163,411,
258,393,303,391,304,409,259,411,
356,391,410,390,411,408,356,409,
27,373,122,373,122,390,27,390,
260,369,306,369,306,387,260,387,
25,349,307,344,307,364,25,369,
24,322,132,320,132,338,24,340,
162,321,194,321,194,338,162,338,
258,321,303,318,304,336,260,339,
354,318,410,316,411,333,355,335,
25,296,121,298,120,315,25,313,
259,297,304,294,305,312,261,315,
25,274,367,270,367,291,25,295,
27,249,90,249,90,263,27,263,
257,248,302,246,303,263,258,265,
167,247,188,247,188,263,167,263,
118,248,131,248,131,262,118,262,
353,244,408,242,409,260,354,262,
26,223,121,225,120,243,26,241,
259,223,305,223,305,241,259,241,
24,199,363,196,363,220,24,223,
29,176,399,171,400,194,29,199,
115,147,326,144,327,167,116,170,
15,113,44,113,44,129,15,129,
119,90,318,86,319,103,120,107,
141,63,299,61,299,78,141,80,