39,753,469,754,469,774,39,773,
92,725,418,728,418,748,92,745,
37,673,482,676,481,700,37,697,
114,645,395,647,395,671,113,669,
126,570,392,570,392,590,126,590,
471,549,485,549,485,566,471,566,
40,546,167,546,167,566,40,566,
417,522,484,522,484,540,417,540,
51,521,137,521,137,542,51,542,
418,496,485,496,485,514,418,514,
40,495,187,492,188,513,41,516,
40,468,208,466,208,487,40,489,
460,468,476,468,476,488,460,488,
41,443,259,443,259,463,41,463,
419,443,484,443,484,461,419,461,
38,394,176,392,176,410,38,412,
237,391,302,389,302,410,238,412,
418,390,484,390,484,408,418,408,
351,390,368,390,368,410,351,410,
38,363,230,363,230,387,38,387,
39,340,126,340,126,361,39,361,
227,336,294,336,294,361,227,361,
332,336,358,336,358,360,332,360,
406,335,477,332,478,356,407,359,
39,288,125,288,125,309,39,309,
343,286,486,280,487,301,344,307,
38,261,303,260,303,281,38,282,
364,258,476,255,477,275,364,278,
176,234,335,232,335,253,177,255,
261,183,397,179,397,200,261,204,
44,150,179,150,179,182,44,182,
221,155,438,148,439,171,222,177,
226,125,436,117,437,141,226,149,
216,93,446,86,447,113,217,120,