102,690,418,687,418,706,102,709,
205,666,326,664,327,684,206,686,
58,636,474,635,474,656,58,657,
407,601,478,601,478,618,407,618,
31,600,166,597,166,618,31,620,
410,570,479,570,479,588,410,588,
246,569,291,569,291,591,246,591,
37,569,172,567,172,585,37,587,
36,542,139,546,139,566,35,563,
411,541,479,541,479,560,411,560,
164,521,191,521,191,541,164,541,
36,521,113,521,113,539,36,539,
247,520,258,518,261,538,250,540,
150,485,163,485,163,499,150,499,
308,482,357,482,357,501,308,501,
192,482,231,482,231,501,192,501,
413,474,480,481,478,506,410,500,
39,456,307,449,308,478,40,484,
421,426,481,426,481,443,421,443,
309,425,358,425,358,444,309,444,
197,425,232,425,232,440,197,440,
151,427,160,427,160,440,151,440,
33,397,393,394,393,418,33,421,
419,367,484,367,484,384,419,384,
195,368,227,368,227,382,195,382,
62,370,71,370,71,379,62,379,
307,365,360,365,360,386,307,386,
33,338,348,337,348,358,33,360,
187,329,211,329,211,337,187,337,
274,310,360,310,360,325,274,325,
150,309,172,309,172,321,150,321,
197,307,235,307,235,323,197,323,
421,306,484,303,485,326,422,328,
37,279,372,280,372,298,37,297,
302,248,360,248,360,267,302,267,
195,249,243,249,243,263,195,263,
431,247,486,247,486,266,431,266,
32,212,475,218,474,245,32,240,
39,189,131,193,130,212,38,207,
157,190,474,189,474,210,157,211,
141,156,391,156,391,181,141,181,
22,114,58,118,56,136,20,132,
144,84,383,87,383,115,144,111,
171,61,355,65,354,83,170,79,