491,836,582,838,582,855,491,853,
440,838,498,838,498,855,440,855,
133,825,450,835,449,857,132,849,
279,806,463,813,462,836,278,830,
61,757,693,776,692,813,60,794,
342,721,404,721,404,747,342,747,
592,718,705,718,705,749,592,749,
25,705,223,713,221,740,24,732,
599,674,707,672,708,703,599,705,
14,663,173,677,170,708,11,693,
231,641,247,641,247,663,231,663,
9,625,130,633,128,665,6,657,
610,578,705,576,706,608,610,610,
417,578,514,575,515,605,418,609,
259,579,314,579,314,601,259,601,
21,533,619,535,619,565,21,563,
188,489,232,486,233,501,189,504,
612,481,712,485,711,517,610,513,
237,485,314,485,314,509,237,509,
376,478,514,485,513,517,374,510,
15,441,493,439,493,474,15,476,
611,393,704,393,704,421,611,421,
419,393,511,393,511,422,419,422,
214,397,262,397,262,412,214,412,
184,397,213,397,213,412,184,412,
261,394,316,394,316,416,261,416,
27,352,660,354,660,384,27,382,
389,311,502,314,501,342,388,338,
348,317,381,317,381,332,348,332,
36,311,167,315,167,340,35,335,
500,311,676,311,676,338,500,338,
207,311,342,311,342,339,207,339,
184,257,558,262,557,300,183,295,
14,198,55,198,55,221,14,221,
192,160,534,160,534,187,192,187,
234,115,505,112,506,139,235,142,