5,687,364,687,364,701,5,701,
48,664,322,665,322,682,48,681,
6,625,373,625,373,642,6,642,
69,603,303,603,303,620,69,620,
8,545,120,545,120,559,8,559,
225,544,373,544,373,558,225,558,
8,523,224,521,224,538,8,540,
354,522,368,522,368,537,354,537,
10,503,156,503,156,520,10,520,
233,503,373,502,374,517,233,518,
78,463,302,463,302,480,78,480,
10,444,115,444,115,461,10,461,
363,442,376,442,376,457,363,457,
16,425,87,425,87,439,16,439,
312,421,376,421,376,438,312,438,
10,404,132,402,132,419,10,421,
312,403,374,400,375,416,312,419,
10,384,150,382,150,399,10,401,
301,383,365,381,365,396,301,398,
11,363,192,362,192,379,11,381,
311,361,375,361,375,378,311,378,
11,327,31,327,31,340,11,340,
311,321,375,321,375,338,311,338,
10,304,125,303,125,320,10,321,
166,302,228,302,228,320,166,320,
312,301,375,301,375,318,312,318,
267,302,281,302,281,319,267,319,
10,283,245,281,245,299,10,301,
239,281,323,281,323,299,239,299,
12,262,83,265,83,283,11,280,
165,261,221,261,221,282,165,282,
312,261,367,261,367,279,312,279,
251,261,271,261,271,279,251,279,
12,225,81,224,81,242,13,243,
263,223,373,223,373,237,263,237,
13,204,227,202,227,220,13,222,
278,202,366,202,366,219,278,219,
125,182,254,181,255,199,125,200,
197,145,302,145,302,162,197,162,
163,122,334,122,334,139,163,139,
18,120,129,118,129,143,19,145,
192,100,309,99,309,117,192,118,
165,77,335,74,336,94,165,97,