430,558,497,558,497,580,430,580,
1,556,136,558,135,582,1,580,
416,519,498,519,498,542,416,542,
228,519,277,519,277,544,228,544,
3,518,140,518,140,538,3,538,
3,485,93,485,93,510,3,510,
413,484,493,482,493,505,414,508,
3,439,106,442,106,467,2,464,
411,439,489,439,489,460,411,460,
148,416,162,416,162,437,148,437,
2,408,79,411,78,435,1,433,
169,370,207,370,207,387,169,387,
269,368,343,365,344,387,270,390,
119,371,132,371,132,386,119,386,
400,367,477,364,478,386,400,389,
0,334,372,333,372,360,0,361,
168,304,207,302,209,321,169,323,
287,302,341,300,342,322,288,324,
119,304,133,304,133,321,119,321,
2,301,81,303,80,321,2,319,
405,299,472,297,473,319,405,321,
287,272,342,272,342,293,287,293,
4,267,121,274,120,294,3,288,
3,238,463,239,463,266,3,265,
112,219,130,219,130,230,112,230,
128,211,453,210,453,236,128,237,
11,209,106,214,105,234,10,229,
112,174,366,176,365,204,112,202,
0,128,27,128,27,148,0,148,
119,102,350,104,350,125,119,123,
143,69,326,71,326,91,142,90,