150,1166,236,1174,235,1188,149,1179,
58,1152,92,1157,90,1170,56,1166,
186,1136,307,1151,305,1163,185,1148,
228,1122,363,1137,362,1150,226,1136,
114,1112,215,1122,214,1134,113,1125,
77,1107,116,1113,115,1123,75,1117,
3,1095,77,1107,74,1120,0,1107,
2,1075,137,1094,135,1111,0,1092,
0,1049,315,1082,312,1104,0,1070,
9,1031,317,1063,315,1084,7,1053,
30,1016,281,1038,279,1057,28,1035,
4,993,231,1010,229,1031,2,1014,
76,971,313,992,311,1013,74,992,
5,934,326,961,324,982,3,955,
6,913,277,936,275,957,5,934,
116,896,321,915,319,940,114,921,
313,893,425,901,424,922,311,914,
5,893,103,901,102,919,3,910,
201,884,299,892,298,910,199,901,
110,878,175,881,174,898,109,895,
3,873,50,873,50,886,3,886,
118,825,300,840,299,858,117,842,
53,699,378,723,376,744,51,720,
425,702,448,702,448,712,425,712,
50,667,175,677,174,694,48,684,
54,642,177,653,175,670,52,660,
102,617,181,626,178,647,100,638,
381,614,452,620,452,642,379,636,
70,586,182,596,180,621,67,611,
356,544,452,553,450,572,355,564,
0,514,162,529,159,550,0,535,
400,509,452,514,452,537,398,532,
52,481,127,488,124,511,49,503,
1,483,19,483,19,497,1,497,
364,475,452,482,452,503,362,496,
1,447,284,472,282,493,0,468,
412,439,452,442,451,466,410,462,
54,414,132,420,130,441,52,435,
6,417,18,417,18,430,6,430,
374,401,452,407,452,430,373,424,
5,378,252,396,250,417,3,399,
127,330,303,340,301,365,126,354,
5,320,110,327,108,353,3,346,
131,297,278,306,277,330,129,322,
5,288,109,298,106,321,3,311,
137,266,332,278,331,299,136,287,
7,257,60,264,57,287,4,281,
366,244,443,247,442,271,365,268,
45,228,259,242,258,265,43,250,
8,227,23,227,23,246,8,246,
376,188,452,191,452,214,375,211,
29,173,184,181,183,203,28,194,
124,141,413,153,412,179,123,167,
125,109,419,118,418,144,125,135,