42,856,589,854,589,878,42,880,
111,820,513,820,513,845,111,845,
44,754,585,756,585,781,44,780,
138,717,485,720,484,748,138,746,
304,657,481,661,481,687,304,684,
153,656,298,659,297,684,153,682,
572,636,590,636,590,658,572,658,
51,622,208,626,208,652,50,649,
511,603,589,606,588,629,511,627,
62,593,170,595,170,621,61,618,
512,572,590,574,590,597,512,595,
48,562,232,565,232,590,47,588,
540,543,591,543,591,567,540,567,
49,530,268,533,268,558,48,555,
512,509,591,512,591,535,512,533,
49,498,320,502,320,528,48,523,
540,448,593,451,591,473,539,470,
40,438,73,438,73,463,40,463,
515,418,593,418,593,440,515,440,
436,418,451,418,451,435,436,435,
305,411,373,414,372,437,304,434,
42,406,214,411,214,433,41,428,
379,381,439,385,437,408,377,404,
40,370,377,379,376,408,39,399,
529,353,595,353,595,377,529,377,
440,356,451,356,451,371,440,371,
304,345,374,347,373,374,303,371,
39,341,212,345,212,367,39,363,
444,319,515,319,515,342,444,342,
384,319,455,319,455,341,384,341,
237,311,376,314,375,342,236,340,
183,316,226,316,226,336,183,336,
36,306,178,309,177,335,36,331,
517,284,600,284,600,313,517,313,
424,283,455,283,455,309,424,309,
277,275,376,279,375,310,276,306,
35,269,147,274,146,303,33,298,
426,219,596,226,595,248,425,241,
34,201,144,206,143,236,32,231,
454,189,594,196,592,219,452,212,
89,172,374,185,373,210,88,197,
35,173,95,173,95,196,35,196,
212,146,427,158,426,183,211,172,
315,61,494,66,493,94,314,89,
47,44,219,54,217,91,45,81,
290,27,520,33,519,61,289,56,
296,0,514,5,514,31,295,25,