23,760,266,761,266,781,23,780,
26,738,329,738,329,758,26,758,
24,717,324,717,324,737,24,737,
23,693,473,696,473,717,23,714,
22,672,287,673,287,694,22,693,
22,650,303,651,303,672,22,671,
21,625,460,630,459,653,20,648,
24,606,131,608,131,625,23,623,
23,583,479,587,479,610,22,606,
25,565,101,565,101,582,25,582,
22,539,417,544,416,567,21,562,
397,480,471,480,471,497,397,497,
334,479,348,479,348,497,334,497,
251,479,265,479,265,497,251,497,
192,477,208,477,208,498,192,498,
50,473,152,476,151,500,49,497,
428,441,441,441,441,458,428,458,
333,441,348,441,348,457,333,457,
251,440,265,440,265,457,251,457,
192,439,210,439,210,457,192,457,
51,436,152,438,152,456,50,454,
398,404,469,404,469,422,398,422,
220,400,294,402,293,423,219,421,
192,404,206,404,206,419,192,419,
332,402,349,402,349,422,332,422,
31,400,172,401,172,419,31,418,
216,361,295,361,295,379,216,379,
310,357,371,359,370,382,309,380,
187,361,212,361,212,378,187,378,
387,358,481,356,481,378,387,380,
59,354,144,359,142,381,57,376,
300,309,485,310,485,331,299,330,
18,307,120,307,120,328,18,328,
119,254,409,256,409,290,119,288,
153,150,388,154,387,178,153,174,
64,102,515,101,515,132,64,133,