158,663,190,663,190,674,158,674,
24,631,401,638,401,655,24,649,
353,601,408,604,407,622,352,619,
9,592,191,599,190,620,8,613,
9,571,133,571,133,588,9,588,
361,549,408,551,407,570,360,568,
9,540,131,544,130,562,8,558,
387,524,409,524,409,543,387,543,
8,515,96,518,95,535,7,533,
10,487,155,490,154,511,9,507,
8,463,207,465,207,482,8,480,
341,428,408,430,407,448,340,446,
192,425,232,425,232,443,192,443,
3,420,127,420,127,440,3,440,
342,399,408,402,407,420,341,417,
3,393,97,398,96,418,2,413,
129,378,141,378,141,396,129,396,
2,369,73,373,72,394,1,390,
346,344,402,344,402,362,346,362,
237,343,292,343,292,360,237,360,
147,342,179,342,179,357,147,357,
109,339,119,346,111,357,101,350,
12,315,340,320,339,337,11,332,
346,291,401,291,401,309,346,309,
236,291,291,291,291,308,236,308,
150,290,174,290,174,305,150,305,
106,290,118,290,118,304,106,304,
10,261,388,263,388,285,10,282,
345,237,401,237,401,255,345,255,
237,237,291,237,291,255,237,255,
108,240,117,240,117,250,108,250,
147,237,181,237,181,254,147,254,
9,208,313,211,313,235,9,232,
14,182,392,183,392,210,14,209,
102,155,317,155,317,180,102,180,
4,115,26,115,26,132,4,132,
105,95,308,95,308,115,105,115,
127,67,288,67,288,87,127,87,