98,1066,432,1071,432,1097,98,1092,
204,977,330,980,329,1005,203,1003,
169,913,280,919,279,944,168,939,
385,867,472,867,472,889,385,889,
53,851,319,862,318,888,52,876,
347,844,378,844,378,858,347,858,
269,834,329,838,327,860,267,856,
54,824,252,832,251,856,53,848,
408,783,470,783,470,810,408,810,
266,776,338,781,336,808,265,803,
52,766,127,772,125,799,50,793,
408,758,467,758,467,781,408,781,
268,750,336,755,334,782,266,777,
54,738,117,743,115,770,51,765,
400,731,452,731,452,755,400,755,
56,713,401,732,399,757,54,738,
422,680,462,680,462,704,422,704,
57,661,152,667,150,693,55,687,
123,640,393,658,391,684,121,666,
77,615,423,631,422,660,75,643,
363,582,452,579,452,602,363,604,
60,571,273,581,272,602,59,592,
363,559,450,554,451,576,364,581,
61,550,208,555,208,576,60,571,
202,510,407,514,406,543,202,539,
434,514,446,514,446,526,434,526,
365,479,446,475,448,511,366,514,
66,471,262,475,261,513,65,508,
62,451,82,451,82,461,62,461,
365,429,447,427,448,452,366,455,
131,417,304,425,303,449,130,441,
56,419,71,419,71,441,56,441,
367,402,448,402,448,428,367,428,
132,391,315,398,314,422,131,416,
53,391,69,391,69,413,53,413,
367,375,445,375,445,397,367,397,
131,364,316,371,315,395,130,389,
53,364,68,364,68,386,53,386,
364,345,446,345,446,371,364,371,
128,337,315,344,314,368,127,362,
52,336,68,336,68,357,52,357,
364,316,446,316,446,342,364,342,
183,312,272,315,271,339,182,336,
51,307,102,307,102,330,51,330,
171,284,327,288,327,313,171,309,
105,253,316,259,315,285,104,279,
105,225,307,230,307,256,104,250,
68,192,348,200,348,230,67,222,
56,163,430,163,430,199,56,199,
42,132,417,130,418,167,42,170,
168,112,299,107,300,134,169,138,