223,1184,420,1195,418,1222,222,1210,
69,1177,231,1187,229,1211,67,1201,
284,1156,467,1166,466,1189,282,1178,
151,1157,236,1160,236,1174,150,1171,
43,1149,141,1152,140,1170,43,1167,
246,1063,351,1068,350,1092,245,1088,
48,1053,256,1064,254,1091,46,1079,
51,1023,204,1034,202,1060,49,1050,
48,995,129,1000,127,1024,46,1019,
48,966,127,971,126,993,46,989,
316,950,384,956,382,975,314,968,
31,938,319,948,318,971,30,961,
379,919,474,922,473,946,378,943,
26,906,268,914,267,943,24,934,
369,887,475,890,474,918,368,915,
27,876,119,883,117,907,26,900,
26,846,281,854,279,882,25,874,
421,803,439,803,439,823,421,823,
82,792,286,798,285,822,81,816,
366,771,468,771,468,795,366,795,
28,760,289,766,288,793,27,787,
375,715,465,715,465,739,375,739,
214,711,300,711,300,735,214,735,
31,707,97,710,96,730,30,727,
28,676,465,686,465,710,27,700,
297,655,396,655,396,679,297,679,
49,649,137,654,136,677,48,672,
362,628,461,628,461,652,362,652,
199,625,297,625,297,648,199,648,
29,620,134,623,133,646,29,643,
356,600,406,600,406,624,356,624,
186,599,366,599,366,621,186,621,
31,593,177,598,176,618,30,613,
367,572,458,572,458,595,367,595,
210,571,297,571,297,595,210,595,
30,567,137,567,137,589,30,589,
334,545,450,542,450,565,334,568,
29,537,344,545,343,568,29,560,
26,484,456,489,455,516,26,510,
177,464,348,464,348,486,177,486,
374,462,454,462,454,485,374,485,
29,460,116,460,116,484,29,484,
27,402,442,410,441,437,26,429,
323,384,404,384,404,402,323,402,
93,379,301,382,301,404,92,401,
91,325,418,327,418,354,91,351,
99,302,407,302,407,325,99,325,
79,273,417,273,417,299,79,299,
112,247,393,247,393,270,112,270,
26,225,446,218,446,241,26,247,
36,197,435,191,435,215,36,221,
30,170,415,163,416,187,31,194,
109,143,378,137,378,160,109,166,
120,118,368,109,369,136,121,145,
180,89,305,92,305,115,179,112,