20,565,360,567,360,581,20,579,
64,545,319,547,319,561,64,559,
334,508,368,508,368,522,334,522,
53,508,336,508,336,522,53,522,
21,507,58,507,58,521,21,521,
80,484,301,486,301,504,79,501,
87,428,299,428,299,445,87,445,
358,410,370,410,370,424,358,424,
20,405,122,408,121,426,19,423,
319,391,368,391,368,406,319,406,
27,387,97,389,97,406,27,404,
320,372,368,372,368,387,320,387,
21,368,138,370,138,387,21,385,
349,352,362,352,362,367,349,367,
22,350,154,352,153,367,22,365,
318,333,368,333,368,348,318,348,
22,329,195,332,195,349,22,346,
266,296,279,296,279,309,266,309,
178,295,228,295,228,310,178,310,
317,293,368,293,368,311,317,311,
19,291,128,294,128,311,18,308,
159,273,237,275,237,292,159,290,
89,275,154,275,154,289,89,289,
238,275,328,273,328,290,239,292,
20,272,89,274,88,289,19,287,
308,254,362,254,362,272,308,272,
250,255,271,255,271,271,250,271,
169,254,221,254,221,272,169,272,
19,250,89,254,88,272,18,269,
259,216,368,216,368,233,259,233,
20,214,86,217,85,234,19,231,
173,199,227,199,227,213,173,213,
20,195,181,198,180,214,20,212,
274,196,360,196,360,213,274,213,
128,176,254,176,254,196,128,196,
196,139,297,138,297,156,196,158,
182,118,314,118,314,135,182,135,
23,112,131,115,131,142,22,139,
168,96,324,94,324,114,168,116,
170,74,321,71,322,91,170,94,