196,998,401,1000,401,1019,196,1018,
183,938,341,938,341,960,183,960,
470,937,552,936,552,959,470,960,
448,906,550,906,550,928,448,928,
174,899,338,899,338,922,174,922,
469,866,549,866,549,889,469,889,
184,863,342,865,341,891,184,889,
188,829,340,832,339,858,188,854,
525,831,551,831,551,856,525,856,
137,770,193,770,193,790,137,790,
481,765,550,765,550,789,481,789,
260,765,318,765,318,787,260,787,
406,767,424,767,424,787,406,787,
42,734,456,736,456,763,42,761,
130,699,194,703,192,726,129,722,
247,700,318,698,319,721,248,724,
475,698,547,698,547,721,475,721,
405,699,422,699,422,721,405,721,
45,670,366,670,366,695,45,695,
477,632,543,632,543,654,477,654,
261,633,320,633,320,656,261,656,
114,632,193,634,193,657,114,654,
403,632,420,632,420,654,403,654,
46,603,339,605,339,628,46,625,
253,570,318,570,318,589,253,589,
471,568,542,568,542,590,471,590,
141,566,196,568,194,592,140,589,
401,569,420,569,420,590,401,590,
432,538,501,542,499,564,431,560,
47,537,427,540,427,563,47,559,
248,505,318,505,318,524,248,524,
470,503,540,503,540,525,470,525,
130,500,195,506,193,530,128,525,
401,503,419,503,419,525,401,525,
45,469,272,474,271,500,45,494,
232,440,315,440,315,462,232,462,
479,438,538,440,537,460,478,457,
378,439,417,439,417,459,378,459,
49,431,195,438,193,463,48,456,
206,383,386,383,386,401,206,401,
50,371,172,381,170,400,49,391,
207,352,315,352,315,373,207,373,
48,341,160,349,159,370,46,362,
204,322,409,320,409,340,204,342,
49,309,108,315,106,340,46,334,
205,293,288,293,288,312,205,312,
51,279,172,290,170,313,48,301,
182,250,407,250,407,279,182,279,
215,217,373,217,373,239,215,239,
75,173,512,181,511,221,74,213,
178,148,408,154,408,179,177,174,