264,1190,739,1181,740,1221,265,1230,
128,1095,376,1092,377,1137,128,1141,
738,1082,876,1079,877,1119,739,1122,
128,1025,153,1025,153,1061,128,1061,
432,1017,525,1017,525,1054,432,1054,
757,1007,872,1007,872,1046,757,1046,
133,967,514,958,515,992,134,1001,
132,901,157,901,157,936,132,936,
428,892,523,888,525,929,430,933,
750,886,862,886,862,921,750,921,
138,845,553,834,554,870,139,880,
137,785,164,785,164,819,137,819,
428,775,521,772,522,809,430,812,
739,768,851,765,852,800,740,804,
142,727,632,716,632,753,143,764,
143,668,168,670,164,702,140,699,
408,666,516,661,518,695,410,700,
729,656,841,652,842,688,730,691,
147,616,739,608,740,643,147,650,
429,556,516,556,516,592,429,592,
147,557,190,557,190,593,147,593,
708,553,830,553,830,583,708,583,
151,505,513,509,513,543,151,539,
150,456,195,456,195,486,150,486,
412,454,525,449,527,490,414,495,
669,451,817,445,819,480,671,487,
609,347,809,347,809,377,609,377,
155,346,331,346,331,374,155,374,
342,287,628,290,628,320,341,317,
327,193,640,199,639,225,327,219,
167,152,791,164,790,192,167,180,
329,114,634,120,633,148,328,142,