179,366,274,366,274,387,179,387,
57,341,389,342,389,369,57,368,
122,313,324,313,324,333,122,333,
237,213,320,210,321,231,238,234,
410,212,426,212,426,232,410,232,
237,189,318,186,319,207,238,210,
372,187,425,185,426,206,373,208,
252,157,418,154,419,179,252,181,
16,110,243,98,244,125,18,138,
338,96,423,93,424,118,339,121,
7,43,73,43,73,75,7,75,
233,41,249,41,249,62,233,62,
360,36,422,33,423,55,361,58,
19,8,217,2,218,28,20,35,
235,10,243,10,243,24,235,24,
278,3,334,1,335,22,279,25,
370,0,429,0,429,21,370,21,