30,1867,725,1861,725,1902,30,1908,
779,1861,881,1861,881,1898,779,1898,
358,1750,595,1750,595,1791,358,1791,
294,1708,639,1706,639,1746,294,1748,
72,1613,664,1621,663,1676,72,1667,
77,1576,380,1591,378,1628,75,1612,
77,1538,226,1545,225,1577,75,1570,
79,1493,226,1500,225,1535,77,1528,
34,1445,722,1456,721,1496,34,1486,
721,1411,888,1418,886,1460,719,1453,
30,1403,512,1407,511,1450,30,1445,
73,1356,496,1365,495,1413,72,1405,
414,1332,512,1332,512,1363,414,1363,
77,1318,210,1323,209,1359,76,1354,
699,1283,888,1293,886,1335,697,1326,
35,1276,322,1282,321,1319,34,1312,
35,1225,532,1238,531,1280,34,1267,
799,1185,831,1185,831,1225,799,1225,
321,1166,552,1178,550,1218,319,1207,
146,1164,237,1172,234,1208,143,1200,
698,1136,890,1143,888,1185,697,1178,
321,1124,554,1133,552,1173,319,1164,
33,1116,286,1125,285,1167,31,1158,
336,1042,388,1042,388,1082,336,1082,
189,1031,304,1036,302,1081,187,1075,
721,1011,888,1018,886,1060,719,1053,
383,997,578,1006,576,1048,381,1039,
31,987,172,992,171,1032,30,1027,
33,938,682,968,680,1014,31,984,
340,917,386,917,386,951,340,951,
189,904,304,909,302,951,187,946,
696,888,886,895,884,937,695,930,
387,871,578,883,576,925,385,914,
35,858,172,862,171,905,33,900,
35,813,722,851,720,891,33,853,
302,789,388,789,388,828,302,828,
194,779,304,786,302,824,191,817,
695,760,888,770,886,814,693,805,
365,744,578,758,576,800,363,786,
33,728,172,733,171,776,31,771,
85,688,762,725,760,766,83,728,
635,633,888,647,886,689,633,676,
36,599,476,629,474,669,33,639,
343,577,888,606,886,649,341,619,
38,556,217,568,214,610,35,599,
40,490,866,548,863,588,37,530,
286,463,724,493,721,534,283,504,
170,393,786,439,783,479,167,433,
104,342,848,395,845,441,101,389,
260,312,660,342,657,382,257,352,
104,251,846,312,843,354,101,294,
262,223,662,258,659,300,259,266,
236,183,700,219,698,253,233,217,
236,134,702,175,699,215,233,175,
507,76,596,86,594,108,505,98,
193,42,338,51,336,87,191,78,
436,32,533,32,533,85,436,85,
379,64,426,23,460,63,413,104,