14,846,384,834,385,858,15,870,
60,822,336,813,337,833,61,843,
17,778,393,762,394,787,18,803,
77,752,315,741,316,763,78,773,
19,693,131,684,132,702,20,711,
232,676,393,669,394,689,233,697,
21,668,233,652,235,673,22,689,
370,647,386,647,386,667,370,667,
21,647,166,635,167,655,22,667,
243,630,390,623,391,641,244,649,
89,596,313,578,315,599,91,618,
23,580,125,571,127,592,24,601,
29,560,75,555,77,574,31,579,
379,554,392,554,392,571,379,571,
31,537,100,531,102,549,32,555,
339,533,390,528,391,546,341,551,
331,510,390,505,391,524,333,529,
27,516,142,505,143,523,28,534,
331,488,390,483,391,500,333,505,
27,495,159,482,160,499,28,513,
369,462,383,462,383,478,369,478,
28,472,201,456,202,474,29,490,
330,442,390,437,391,456,332,460,
25,432,134,421,136,438,26,449,
183,416,236,409,238,427,185,434,
277,406,290,406,290,421,277,421,
26,410,170,395,171,413,27,428,
332,397,389,391,390,410,334,416,
26,389,135,378,137,395,27,406,
170,393,324,376,326,396,172,414,
182,372,236,364,238,383,184,390,
278,360,291,360,291,375,278,375,
27,367,154,355,155,373,28,385,
152,352,195,349,196,368,153,371,
332,352,389,345,392,364,334,371,
27,344,94,338,96,358,28,363,
173,327,229,319,232,342,176,350,
261,316,282,316,282,336,261,336,
322,307,381,297,384,318,325,328,
27,303,94,297,96,316,28,322,
26,280,237,255,240,277,29,302,
269,272,390,254,393,273,272,291,
287,248,380,233,383,250,290,265,
133,247,263,229,266,249,135,267,
31,190,138,182,140,210,34,219,
203,196,311,176,315,198,207,217,
182,174,336,149,339,169,185,195,
171,152,348,121,351,142,175,172,
164,129,357,95,360,116,167,150,