9,1087,15,1087,15,1093,9,1093,
243,979,268,979,268,989,243,989,
259,946,272,946,272,969,259,969,
388,923,448,926,448,942,388,939,
105,920,222,920,222,939,105,939,
163,909,208,909,208,921,163,921,
147,911,165,911,165,919,147,919,
241,897,286,899,286,912,241,909,
146,897,239,898,239,910,146,908,
375,883,453,886,452,903,374,900,
260,885,268,885,268,891,260,891,
103,882,178,882,178,898,103,898,
102,868,160,868,160,880,102,880,
442,859,456,859,456,884,442,884,
447,852,454,852,454,858,447,858,
104,846,160,846,160,858,104,858,
431,836,458,836,458,849,431,849,
105,833,175,833,175,845,105,845,
448,813,462,813,462,837,448,837,
141,810,175,810,175,821,141,821,
105,810,146,810,146,821,105,821,
408,801,462,801,462,813,408,813,
98,797,149,797,149,809,98,809,
154,796,181,796,181,809,154,809,
404,789,462,789,462,801,404,801,
119,787,145,787,145,795,119,795,
257,783,272,783,272,881,257,881,
403,775,460,775,460,787,403,787,
95,771,183,773,183,786,95,783,
403,763,464,763,464,775,403,775,
155,758,190,761,189,773,154,770,
94,758,158,758,158,770,94,770,
389,749,464,750,464,763,389,761,
161,747,190,747,190,759,161,759,
93,745,156,745,156,758,93,758,
257,743,273,743,273,790,257,790,
387,737,465,737,465,750,387,750,
252,734,272,734,272,749,252,749,
161,734,190,734,190,747,161,747,
92,734,154,734,154,745,92,745,
90,718,229,718,229,734,90,734,
165,694,241,695,241,708,165,706,
90,694,167,694,167,706,90,706,
458,686,472,686,472,712,458,712,
87,678,229,680,228,696,87,694,
386,657,472,658,472,674,386,673,
85,653,171,654,171,666,85,665,
462,647,473,647,473,658,462,658,
83,635,304,640,304,656,82,651,
463,630,477,630,477,646,463,646,
82,621,207,624,207,639,81,636,
464,617,479,617,479,632,464,632,
81,607,179,609,179,624,80,621,
412,598,481,601,480,617,412,615,
81,592,197,597,196,613,80,608,
466,588,480,588,480,599,466,599,
77,577,215,580,215,597,77,593,
414,570,484,570,484,586,414,586,
79,565,129,565,129,578,79,578,
472,556,484,556,484,568,472,568,
226,554,270,554,270,567,226,567,
172,554,221,551,222,564,172,567,
76,546,170,551,169,567,76,562,
473,544,486,544,486,554,473,554,
76,532,205,535,205,551,76,548,
397,524,489,524,489,540,397,540,
75,516,154,516,154,532,75,532,
419,491,491,493,491,509,418,507,
251,491,270,491,270,506,251,506,
72,484,124,484,124,500,72,500,
233,471,335,474,335,490,233,487,
402,457,493,461,493,477,401,473,
69,449,224,452,224,471,69,469,
481,443,498,443,498,458,481,458,
67,432,182,437,182,453,67,448,
425,424,499,424,499,440,425,440,
66,411,215,418,214,437,65,431,
406,406,499,407,499,423,406,422,
115,401,202,401,202,417,115,417,
68,399,122,399,122,415,68,415,
428,389,499,391,498,407,427,405,
66,378,161,383,160,404,65,399,
408,375,500,375,500,390,408,390,
197,372,219,372,219,381,197,381,
64,359,169,364,168,383,63,378,
430,337,505,341,504,358,430,354,
62,326,118,326,118,343,62,343,
262,314,360,317,359,333,261,330,
204,314,264,314,264,327,204,327,
320,275,381,275,381,295,320,295,
142,267,327,272,327,291,141,287,
113,270,132,270,132,282,113,282,
59,268,96,268,96,281,59,281,
310,257,335,257,335,265,310,265,
164,249,212,253,211,265,163,261,
113,251,155,249,155,260,114,263,
59,248,94,248,94,260,59,260,
184,216,191,216,191,221,184,221,
447,189,524,192,523,212,447,210,
86,193,127,193,127,204,86,204,
162,166,217,166,217,184,162,184,
212,146,253,146,253,162,212,162,
166,146,200,146,200,162,166,162,
272,109,304,109,304,120,272,120,