95,346,124,346,124,370,95,370,
249,344,267,344,267,416,249,416,
291,338,312,339,310,417,289,416,
446,329,463,329,463,411,446,411,
466,304,484,303,485,416,467,417,
129,292,163,293,159,416,125,415,
338,294,355,294,355,417,338,417,
314,286,334,286,332,416,312,415,
423,284,443,284,443,415,423,415,
402,268,420,268,419,414,401,414,
638,229,659,229,664,417,644,418,
378,222,398,222,397,416,377,416,
292,193,313,193,313,253,292,253,
337,189,355,189,355,245,337,245,
227,183,247,183,244,418,223,417,
203,158,223,158,223,302,203,302,
648,155,659,155,657,220,646,220,
293,138,311,138,311,175,293,175,
160,107,180,107,180,223,160,223,
553,104,575,104,572,362,551,361,
486,104,507,104,508,343,487,343,
135,84,156,84,154,246,133,245,
621,82,642,82,638,374,617,374,
110,74,128,74,127,256,109,256,
84,62,105,62,104,264,83,264,
646,41,663,41,663,145,646,145,
226,41,243,41,243,137,226,137,
291,38,312,38,312,100,291,100,
407,41,415,41,415,56,407,56,
248,33,268,33,268,152,248,152,
578,31,599,31,598,418,576,418,
445,32,463,32,461,88,443,87,
376,32,397,32,399,89,378,90,
336,33,354,33,354,92,336,92,
468,32,486,32,486,81,468,81,
423,32,441,32,441,89,423,89,