2,795,222,798,222,823,2,819,
2,759,150,762,150,787,2,785,
0,717,149,723,148,751,0,745,
0,685,105,689,104,711,0,706,
2,648,221,652,221,676,2,673,
2,616,240,618,240,639,2,637,
402,571,447,574,447,596,401,593,
225,567,269,567,269,589,225,589,
1,563,142,563,142,583,1,583,
400,538,447,541,447,564,399,562,
1,531,98,531,98,556,1,556,
397,497,447,500,447,523,396,520,
2,492,110,498,109,520,1,514,
136,474,161,474,161,492,136,492,
2,466,81,470,80,492,1,488,
398,430,447,434,446,457,396,452,
283,431,335,431,335,452,283,452,
168,431,207,431,207,449,168,449,
120,433,133,433,133,449,120,449,
10,426,85,430,84,451,9,448,
284,403,335,403,335,421,284,421,
11,398,122,402,121,424,10,419,
13,372,405,376,405,397,13,393,
388,348,447,348,447,366,388,366,
269,345,329,345,329,363,269,363,
171,346,204,346,204,361,171,361,
125,346,134,346,134,359,125,359,
21,316,391,319,391,342,21,339,
383,291,442,290,442,309,383,311,
268,291,325,291,325,308,268,308,
169,289,204,289,204,307,169,307,
123,287,136,287,136,303,123,303,
21,255,401,263,401,290,21,283,
274,241,321,241,321,257,274,257,
377,237,436,236,436,254,377,256,
169,234,203,237,202,253,168,250,
24,233,92,231,92,248,24,251,
122,233,135,233,135,248,122,248,
273,216,321,214,322,232,274,234,
24,208,125,208,125,225,24,225,
21,178,398,185,398,216,21,209,
110,157,424,159,424,190,110,188,
31,156,112,159,111,177,30,174,
118,128,344,137,343,164,117,155,
13,93,46,93,46,112,13,112,
125,71,331,80,330,101,124,92,
146,44,310,53,309,75,145,66,