112,285,449,275,450,299,112,310,
32,254,242,251,242,271,32,274,
440,244,463,244,463,262,440,262,
34,227,244,227,244,244,34,244,
30,199,141,202,141,220,30,218,
253,199,270,199,270,218,253,218,
415,194,463,191,463,209,416,212,
30,177,160,179,159,198,30,195,
292,178,346,178,346,192,292,192,
246,177,279,177,279,197,246,197,
366,177,381,177,381,190,366,190,
412,172,463,169,463,187,413,190,
226,158,248,158,248,170,226,170,
33,155,129,158,128,173,33,169,
277,156,310,156,310,170,277,170,
343,157,367,157,367,165,343,165,
366,152,462,146,463,163,367,169,
42,135,328,135,328,152,42,152,
42,117,350,117,350,134,42,134,
40,96,218,100,217,117,39,113,
36,76,364,76,364,99,36,99,
101,60,370,57,370,79,102,81,