74,339,289,339,289,358,74,358,
296,311,358,311,358,329,296,329,
27,309,160,312,159,330,26,327,
339,288,360,288,360,305,339,305,
27,284,168,289,167,307,26,301,
297,264,361,263,361,280,297,281,
179,265,191,265,191,281,179,281,
26,260,102,264,101,282,25,277,
266,246,278,246,278,255,266,255,
176,243,253,243,253,259,176,259,
301,242,361,242,361,259,301,259,
27,240,146,243,145,259,26,256,
265,223,279,223,279,235,265,235,
205,222,251,222,251,236,205,236,
176,223,190,223,190,235,176,235,
296,220,360,220,360,236,296,236,
28,218,135,220,135,237,27,235,
257,198,276,198,276,211,257,211,
207,198,232,198,232,213,207,213,
32,194,100,197,99,213,31,211,
281,196,361,196,361,212,281,212,
169,197,188,197,188,213,169,213,
37,174,251,172,251,189,37,191,
39,153,273,152,274,169,39,170,
39,131,171,133,171,149,39,147,
35,105,298,101,298,124,36,128,
89,84,309,76,310,99,90,107,