11,769,435,764,435,784,11,789,
64,740,385,738,385,759,64,761,
10,686,447,683,448,709,10,712,
85,659,362,656,362,679,85,682,
99,580,362,575,362,599,99,603,
15,555,142,552,143,574,16,578,
434,554,447,554,447,573,434,573,
25,529,112,529,112,550,25,550,
384,528,446,528,446,546,384,546,
386,503,446,503,446,520,386,520,
16,503,164,500,165,522,17,526,
18,477,184,474,184,495,19,498,
421,476,438,476,438,496,421,496,
20,452,233,452,233,471,20,471,
384,452,444,450,445,469,385,470,
19,403,154,403,154,420,19,420,
214,401,276,401,276,422,214,422,
383,400,445,400,445,421,383,421,
323,402,335,402,335,419,323,419,
19,378,44,378,44,395,19,395,
19,347,437,349,437,373,19,371,
374,325,437,325,437,345,374,345,
22,321,106,325,105,347,21,343,
304,325,327,325,327,346,304,346,
204,323,268,323,268,347,204,347,
315,276,445,275,445,293,315,294,
24,273,106,276,105,295,23,293,
335,251,435,249,435,267,335,269,
23,248,277,252,277,272,23,268,
157,223,307,225,307,246,157,244,
239,178,362,176,362,196,240,198,
224,150,380,147,380,168,224,170,
34,143,161,148,160,174,33,170,
211,122,395,122,395,143,211,143,
231,94,373,91,373,114,232,116,