346,399,372,401,364,491,339,488,
379,378,403,380,395,490,370,489,
175,346,183,346,183,357,175,357,
406,337,430,337,427,490,403,490,
358,321,368,321,368,332,358,332,
311,273,330,275,325,314,307,312,
247,267,265,270,258,326,240,324,
179,265,197,266,193,322,175,321,
415,215,434,215,434,265,415,265,
496,190,514,190,512,305,494,305,
189,479,225,162,250,165,215,482,
318,158,339,158,339,216,318,216,
258,481,287,154,315,157,285,483,
254,156,276,157,274,218,251,217,
195,155,213,158,208,205,189,203,
0,299,26,138,50,142,21,303,
61,363,101,124,131,129,91,368,
116,476,171,110,199,114,144,480,
519,106,550,106,545,421,514,421,
84,470,149,54,177,59,112,475,
459,50,487,51,476,467,448,466,
421,52,444,52,444,112,421,112,
267,50,290,53,283,109,261,106,
205,51,229,53,224,105,201,103,
390,50,412,51,410,112,387,111,
326,50,349,51,345,108,323,107,