23,742,462,741,462,759,23,760,
78,715,410,715,410,735,78,735,
21,662,475,662,475,686,21,686,
98,636,387,636,387,659,98,659,
109,560,387,559,388,583,109,584,
409,537,476,537,476,555,409,555,
22,537,154,537,154,558,22,558,
33,513,121,513,121,532,33,532,
408,512,475,512,475,531,408,531,
21,488,175,486,175,506,21,508,
410,487,476,487,476,505,410,505,
23,462,195,461,195,481,23,482,
451,463,465,463,465,480,451,480,
409,436,475,436,475,455,409,455,
23,435,249,435,249,456,23,456,
343,390,357,390,357,405,343,405,
20,388,163,388,163,405,20,405,
227,386,293,386,293,407,227,407,
407,385,476,383,476,404,408,406,
212,359,314,362,313,383,212,381,
172,361,208,361,208,379,172,379,
18,358,178,362,178,382,18,379,
216,333,283,333,283,359,216,359,
20,331,110,334,109,357,19,353,
397,335,465,331,467,353,398,357,
323,334,348,334,348,356,323,356,
334,287,475,283,475,302,334,305,
21,285,107,285,107,303,21,303,
353,260,466,257,466,277,354,281,
18,256,292,260,292,281,18,276,
163,232,324,234,324,255,162,253,
251,184,382,184,382,205,251,205,
226,157,409,157,409,178,226,178,
23,147,165,150,164,182,23,178,
212,128,425,128,425,148,212,148,
201,97,436,98,436,120,201,118,