53,1115,555,1140,553,1165,52,1140,
124,1079,542,1102,540,1130,123,1107,
53,1007,556,1036,554,1064,52,1035,
152,976,503,1000,501,1027,150,1004,
376,892,556,904,554,933,374,921,
53,874,230,884,228,912,52,901,
52,840,388,861,386,888,50,868,
387,833,556,844,554,868,385,857,
55,807,276,823,274,851,53,834,
157,751,479,775,477,804,154,780,
488,744,556,751,555,776,485,769,
508,717,556,717,556,743,508,743,
50,711,211,725,208,754,47,740,
479,685,556,688,556,712,478,708,
61,685,133,690,131,715,59,709,
478,654,556,658,556,681,477,678,
60,649,171,661,167,690,57,679,
48,620,230,637,227,662,46,646,
475,601,556,605,556,628,474,625,
48,588,263,612,261,636,45,612,
46,556,312,587,308,615,42,583,
481,546,556,549,556,574,480,571,
408,545,426,545,426,566,408,566,
279,529,355,536,352,561,276,554,
358,508,533,520,531,545,356,533,
44,499,210,518,207,543,41,525,
479,485,556,494,553,519,476,510,
405,484,425,484,425,504,405,504,
40,466,371,504,367,536,36,498,
277,469,350,474,348,499,275,494,
453,454,494,458,492,480,450,476,
43,444,207,458,205,481,41,468,
477,422,556,427,556,456,475,451,
392,418,421,418,421,443,392,443,
40,410,449,452,446,482,37,440,
259,402,349,411,346,440,256,431,
40,380,143,390,140,419,37,409,
389,352,553,368,551,393,387,377,
40,328,134,333,132,358,39,353,
412,322,552,334,550,359,410,347,
37,291,343,313,341,345,34,323,
194,270,391,290,388,318,190,298,
289,220,443,233,441,262,286,249,
291,184,439,197,436,227,288,215,
29,163,186,172,184,209,27,201,
229,139,496,166,492,200,225,173,
268,106,452,126,449,155,264,135,