418,882,471,885,470,905,417,902,
274,877,363,880,362,899,274,896,
411,861,470,861,470,880,411,880,
275,853,361,856,360,875,275,872,
288,782,465,790,464,814,287,806,
382,733,464,735,464,758,381,755,
98,726,285,729,285,753,98,751,
399,691,460,694,459,714,398,711,
96,685,225,689,225,712,95,707,
398,655,458,655,458,673,398,673,
279,654,292,654,292,673,279,673,
96,647,147,650,146,673,95,671,
406,624,458,624,458,640,406,640,
322,624,372,624,372,639,322,639,
281,624,295,624,295,640,281,640,
75,620,129,620,129,639,75,639,
322,599,371,599,371,614,322,614,
405,598,456,598,456,614,405,614,
282,599,296,599,296,615,282,615,
78,596,130,596,130,612,78,612,
410,570,456,570,456,585,410,585,
329,570,370,567,371,584,331,587,
278,569,298,569,298,587,278,587,
144,565,207,565,207,585,144,585,
92,540,273,545,272,564,92,559,
222,519,346,524,345,542,222,537,
94,515,188,519,188,538,93,534,
223,497,347,500,346,519,223,515,
96,492,198,495,197,514,95,511,
173,467,308,474,307,496,172,489,
97,467,138,470,137,487,96,484,
214,450,328,456,327,474,213,468,
98,442,190,450,188,468,97,460,
148,416,374,427,372,453,147,441,
191,387,336,394,335,415,190,408,
189,357,340,367,338,385,188,375,
125,324,403,343,402,364,123,345,
240,283,311,287,310,303,240,299,
261,257,297,257,297,272,261,272,
212,216,271,225,269,240,210,231,
48,7,101,7,101,22,48,22,