20,695,110,716,107,728,16,710,
20,681,98,697,95,711,17,694,
20,663,99,679,96,693,17,677,
20,649,75,659,73,670,18,660,
271,634,324,645,320,663,267,652,
20,630,161,656,158,672,17,647,
19,613,157,638,155,652,17,627,
270,609,328,622,324,640,266,627,
278,589,331,599,328,617,275,607,
148,584,180,588,177,607,146,603,
11,583,93,595,91,610,9,598,
282,562,335,570,332,588,279,580,
14,562,100,575,97,589,12,576,
14,543,69,550,67,567,12,560,
14,518,76,528,74,545,11,535,
293,514,339,520,337,538,291,533,
95,517,112,517,112,530,95,530,
14,502,62,508,60,523,12,517,
198,498,238,505,235,523,195,516,
117,487,144,491,142,507,115,503,
293,465,346,471,344,489,291,483,
17,454,299,490,296,510,15,474,
201,453,241,457,239,475,199,471,
118,445,145,445,145,460,118,460,
85,441,98,441,98,455,85,455,
300,415,354,419,352,437,298,432,
17,410,325,443,323,463,15,430,
204,404,247,409,245,428,202,423,
119,398,147,398,147,414,119,414,
84,395,98,395,98,409,84,409,
17,388,67,393,65,407,15,403,
207,381,250,385,248,404,205,400,
18,367,90,373,89,390,16,384,
19,346,270,364,268,382,17,364,
306,339,361,339,361,357,306,357,
209,333,253,336,252,354,207,351,
123,327,152,331,150,346,121,342,
86,327,102,327,102,340,86,340,
19,324,91,328,90,343,19,338,
212,308,256,310,254,330,210,328,
19,302,93,305,92,322,19,319,
19,278,341,286,340,310,19,302,
311,257,370,257,370,277,311,277,
206,257,259,257,259,277,206,277,
128,258,157,258,157,273,128,273,
96,260,105,260,105,270,96,270,
20,230,360,229,360,253,20,254,
104,209,196,209,196,226,104,226,
26,207,89,210,88,227,25,224,
196,207,276,207,276,225,196,225,
267,203,363,200,363,220,268,223,
93,175,293,167,294,194,94,201,
11,135,39,138,37,157,9,154,
98,107,290,95,291,118,100,131,
117,74,274,62,276,86,119,98,