111,622,395,623,395,644,111,643,
146,561,352,562,352,580,146,579,
183,536,321,536,321,553,183,553,
40,501,439,504,439,529,40,526,
385,473,438,473,438,491,385,491,
240,473,277,473,277,492,240,492,
56,470,174,472,174,489,56,487,
384,445,436,445,436,461,384,461,
51,440,241,444,241,465,51,461,
147,423,189,423,189,441,147,441,
53,418,118,422,117,440,52,436,
380,394,433,394,433,412,380,412,
277,394,329,394,329,412,277,412,
154,398,161,398,161,405,154,405,
189,393,221,393,221,409,189,409,
59,365,370,368,369,388,59,385,
59,340,180,342,180,358,59,356,
236,325,260,325,260,332,236,332,
256,319,420,317,420,338,257,340,
198,320,234,320,234,335,198,335,
162,319,204,319,204,334,162,334,
64,313,141,317,140,335,63,331,
186,294,312,294,312,311,186,311,
147,256,352,260,352,283,146,280,
104,219,399,224,399,244,104,238,
69,194,436,199,435,220,69,215,
140,175,365,175,365,195,140,195,
103,145,402,145,402,162,103,162,