119,963,566,970,566,1003,119,996,
272,932,437,932,437,961,272,961,
65,877,646,886,645,925,64,916,
563,829,650,833,648,864,561,860,
49,827,323,829,323,858,49,855,
50,786,240,784,240,817,50,819,
595,749,641,749,641,774,595,774,
53,736,240,743,239,777,52,770,
609,704,640,704,640,731,609,731,
57,699,190,704,189,730,56,725,
66,656,326,660,326,690,65,686,
67,618,349,625,349,650,66,643,
336,569,386,569,386,593,336,593,
539,562,632,559,633,585,540,589,
64,556,241,560,241,585,63,580,
537,525,629,520,631,547,539,552,
66,519,190,528,188,556,64,548,
71,473,204,484,201,511,69,500,
534,478,626,472,628,498,536,504,
238,460,267,460,267,481,238,481,
73,442,175,450,173,476,71,469,
409,413,466,410,467,435,410,438,
276,413,320,413,320,433,276,433,
219,411,237,411,237,432,219,432,
552,404,616,396,619,419,555,428,
92,372,357,380,356,406,91,398,
408,342,467,342,467,366,408,366,
278,343,320,343,320,364,278,364,
208,342,238,342,238,362,208,362,
97,338,182,342,182,361,96,357,
538,338,611,330,614,352,541,360,
410,308,469,308,469,332,410,332,
99,303,226,309,225,333,98,327,
101,272,452,276,451,305,100,301,
242,247,382,247,382,269,242,269,
112,242,211,248,210,270,111,264,
370,246,594,240,595,264,370,270,
220,206,502,204,502,237,221,239,
96,161,133,161,133,182,96,182,
230,135,486,127,487,152,231,160,
258,100,461,95,462,120,259,126,