15,469,276,471,276,484,14,482,
48,454,245,454,245,468,48,468,
16,426,282,426,282,439,16,439,
61,408,230,409,230,423,61,422,
69,365,228,365,228,378,69,378,
19,351,93,351,93,362,19,362,
272,351,283,351,283,360,272,360,
21,336,76,336,76,348,21,348,
241,334,284,334,284,349,241,349,
18,320,107,320,107,333,18,333,
242,319,283,319,283,333,242,333,
18,306,119,306,119,319,18,319,
264,306,279,306,279,316,264,316,
17,290,150,291,149,305,16,304,
242,290,282,290,282,304,242,304,
135,263,174,263,174,274,135,274,
18,263,100,263,100,273,18,273,
239,260,282,258,283,273,240,276,
14,245,278,243,278,260,15,262,
206,235,211,235,211,240,206,240,
137,233,174,233,174,244,137,244,
18,233,98,233,98,243,18,243,
240,229,282,229,282,243,240,243,
15,217,232,215,232,230,16,231,
16,203,67,203,67,214,16,214,
193,203,204,203,204,213,193,213,
129,201,169,201,169,216,129,216,
234,199,276,196,277,213,235,216,
18,174,68,174,68,185,18,185,
197,172,280,169,281,182,197,185,
16,158,175,158,175,172,16,172,
207,156,275,153,276,168,208,170,
97,142,193,141,193,155,97,157,
148,114,227,114,227,128,148,128,
18,93,101,97,100,118,17,115,
136,98,237,94,237,109,136,112,
129,81,245,78,246,92,129,96,
131,64,245,59,246,74,131,80,