85,422,339,423,339,447,85,446,
338,393,419,393,419,410,338,410,
31,389,183,391,183,412,31,409,
396,363,422,363,422,382,396,382,
30,359,196,363,195,383,30,379,
337,334,421,334,421,355,337,355,
205,335,222,335,222,356,205,356,
30,331,118,336,116,357,29,353,
309,312,324,312,324,325,309,325,
205,309,295,309,295,330,205,330,
352,308,420,308,420,326,352,326,
31,306,167,306,167,327,31,327,
246,285,294,285,294,302,246,302,
363,284,421,284,421,301,363,301,
208,286,220,286,220,301,208,301,
32,283,137,285,137,302,32,300,
310,285,323,285,323,299,310,299,
236,259,293,259,293,277,236,277,
352,257,419,257,419,275,352,275,
311,260,323,260,323,274,311,274,
209,260,222,260,222,274,209,274,
30,256,171,258,171,279,30,277,
332,231,419,231,419,249,332,249,
299,232,321,232,321,248,299,248,
238,230,269,230,269,249,238,249,
36,228,113,231,113,249,35,245,
195,230,216,230,216,249,195,249,
41,201,291,203,290,222,41,220,
42,176,318,178,318,198,42,196,
43,149,199,152,198,172,43,169,
42,120,344,123,344,142,42,139,
104,91,357,94,357,116,104,113,