324,1271,495,1263,497,1296,326,1304,
323,1233,521,1224,522,1257,325,1266,
279,1198,555,1187,556,1220,281,1231,
130,1148,693,1122,695,1159,132,1185,
132,1114,568,1092,570,1125,133,1147,
128,1042,217,1042,217,1071,128,1071,
410,1025,509,1018,511,1052,412,1059,
612,1009,696,1004,698,1040,615,1045,
125,1002,201,999,203,1030,126,1034,
409,986,506,981,508,1015,411,1020,
611,972,695,965,698,1000,614,1007,
123,964,679,928,681,965,125,1001,
123,890,427,867,430,901,125,923,
123,850,219,843,222,879,126,886,
581,819,696,811,698,847,584,855,
337,763,627,741,629,773,339,795,
678,742,690,742,690,760,678,760,
141,710,414,691,418,743,144,762,
573,674,693,660,700,722,580,735,
131,633,150,633,150,662,131,662,
237,624,489,603,492,632,239,653,
129,593,150,593,150,625,129,625,
594,588,694,580,697,614,597,623,
237,587,500,565,503,594,239,616,
129,555,152,555,152,586,129,586,
583,550,694,541,697,576,585,584,
230,549,503,523,506,555,233,580,
132,520,150,520,150,546,132,546,
594,510,694,501,697,536,597,544,
233,509,503,485,506,518,236,542,
131,484,148,484,148,509,131,509,
584,474,694,464,697,497,587,507,
230,470,501,445,504,478,233,503,
129,446,146,446,146,471,129,471,
594,433,694,424,697,459,597,468,
228,430,497,404,500,437,232,463,
127,407,145,407,145,432,127,432,
578,395,694,384,697,419,582,429,
225,392,498,364,502,397,229,425,
127,365,173,365,173,395,127,395,
592,352,694,343,697,379,596,388,
294,344,421,331,425,366,298,379,
575,311,695,299,699,338,579,349,
279,307,514,281,517,314,282,340,
190,276,464,245,468,278,194,309,
187,238,480,204,484,236,191,270,
141,203,492,163,496,196,145,236,
127,163,659,110,662,144,130,196,
109,119,694,70,697,112,112,161,
279,70,519,52,521,85,282,103,