24,671,375,677,375,701,23,695,
69,651,331,655,331,676,68,672,
353,621,374,621,374,633,353,633,
25,610,350,613,349,634,24,631,
85,589,310,592,310,612,85,609,
233,529,375,532,375,549,233,546,
26,529,138,529,138,546,26,546,
366,514,374,514,374,526,366,526,
27,508,241,508,241,525,27,525,
243,487,374,489,374,506,243,504,
28,486,169,487,169,504,28,503,
94,445,306,446,305,464,94,463,
364,429,375,429,375,444,364,444,
29,423,129,425,129,443,28,441,
329,408,372,408,372,423,329,423,
37,407,80,407,80,421,37,421,
319,387,372,387,372,404,319,404,
38,387,104,387,104,401,38,401,
319,368,369,368,369,382,319,382,
32,367,144,367,144,381,32,381,
359,349,371,349,371,363,359,363,
33,347,168,347,168,361,33,361,
317,328,369,326,369,341,318,343,
31,325,202,326,202,343,31,342,
267,291,280,291,280,304,267,304,
316,288,368,288,368,305,316,305,
181,288,233,288,233,305,181,305,
31,289,136,289,136,303,31,303,
243,271,278,271,278,286,243,286,
161,271,238,271,238,285,161,285,
30,267,164,269,163,286,29,284,
259,251,279,251,279,267,259,267,
175,248,232,250,232,268,174,266,
315,249,366,246,368,264,316,267,
30,246,98,249,97,266,29,263,
258,213,365,210,365,227,259,230,
32,209,97,211,97,228,31,226,
274,193,364,191,364,207,274,209,
31,190,231,194,231,211,30,207,
134,171,262,174,261,192,134,189,
200,139,295,139,295,153,200,153,
187,120,308,120,308,134,187,134,
34,110,138,113,138,138,33,135,
165,97,329,96,329,113,166,114,
187,78,306,78,306,92,187,92,