16,895,95,898,94,911,16,908,
1,874,146,880,146,899,0,894,
76,814,144,814,144,825,76,825,
233,805,241,805,241,816,233,816,
9,801,41,798,42,809,10,812,
234,794,242,794,242,804,234,804,
9,784,121,788,121,802,9,798,
235,784,240,784,240,791,235,791,
150,779,169,779,169,796,150,796,
8,772,84,774,83,788,8,785,
169,761,225,761,225,800,169,800,
113,765,122,765,122,776,113,776,
11,762,48,762,48,773,11,773,
113,755,122,755,122,764,113,764,
10,749,47,749,47,763,10,763,
201,726,243,726,243,745,201,745,
10,716,89,720,88,740,9,737,
189,708,242,711,241,725,188,722,
12,705,82,707,82,717,12,716,
194,700,239,700,239,710,194,710,
11,691,132,695,132,709,11,704,
189,680,243,682,242,700,188,697,
12,678,61,678,61,692,12,692,
234,666,243,666,243,677,234,677,
112,664,121,664,121,675,112,675,
12,663,50,663,50,673,12,673,
235,654,244,654,244,666,235,666,
112,652,122,652,122,662,112,662,
11,650,49,650,49,661,11,661,
235,643,244,643,244,653,235,653,
112,639,122,639,122,650,112,650,
10,637,52,637,52,648,10,648,
236,628,245,635,239,643,229,635,
113,627,122,627,122,637,113,637,
10,625,59,625,59,635,10,635,
212,617,244,617,244,630,212,630,
10,613,59,613,59,624,10,624,
213,606,243,606,243,617,213,617,
10,601,61,601,61,612,10,612,
210,593,243,593,243,604,210,604,
9,587,63,587,63,598,9,598,
209,579,244,579,244,593,209,593,
7,573,66,575,65,589,7,587,
209,566,244,566,244,580,209,580,
7,560,67,562,66,576,7,574,
220,555,243,555,243,566,220,566,
111,552,122,552,122,562,111,562,
9,551,69,551,69,562,9,562,
204,542,243,542,243,553,204,553,
112,542,121,542,121,549,112,549,
9,539,70,539,70,549,9,549,
190,530,244,530,244,541,190,541,
108,526,122,526,122,539,108,539,
8,525,71,526,70,537,8,536,
6,510,94,511,94,525,6,524,
232,493,243,493,243,502,232,502,
7,486,103,488,103,501,7,499,
213,478,245,478,245,492,213,492,
7,472,95,473,95,487,7,486,
190,455,243,455,243,465,190,465,
9,451,60,452,59,463,9,461,
233,442,243,442,243,453,233,453,
9,437,142,440,142,454,9,450,
235,430,244,430,244,441,235,441,
10,428,82,428,82,439,10,439,
234,418,244,418,244,428,234,428,
10,416,68,416,68,426,10,426,
201,403,245,403,245,417,201,417,
7,400,78,402,77,416,7,414,
232,393,242,393,242,401,232,401,
7,386,87,390,86,403,7,400,
201,377,244,377,244,391,201,391,
9,377,42,377,42,387,9,387,
233,367,244,367,244,375,233,375,
7,363,121,365,121,378,7,375,
230,359,240,351,246,359,237,366,
9,352,82,352,82,363,9,363,
189,340,244,340,244,354,189,354,
7,337,55,337,55,351,7,351,
200,313,244,313,244,327,200,327,
106,313,122,313,122,326,106,326,
7,311,38,311,38,325,7,325,
9,302,92,302,92,312,9,312,
92,299,242,300,242,314,92,313,
190,289,243,289,243,299,190,299,
7,287,93,286,93,299,7,300,
232,277,242,277,242,285,232,285,
9,276,71,276,71,287,9,287,
200,262,245,262,245,276,200,276,
6,260,86,261,86,275,6,274,
190,250,242,250,242,261,190,261,
9,250,81,250,81,260,9,260,
196,238,242,238,242,249,196,249,
9,237,61,237,61,248,9,248,
188,224,242,221,243,235,189,237,
7,223,93,223,93,236,7,236,
201,199,244,199,244,212,201,212,
4,198,39,198,39,211,4,211,
196,190,240,190,240,197,196,197,
60,187,200,187,200,200,60,200,
9,188,34,188,34,195,9,195,
6,160,175,160,175,173,6,173,
7,147,153,147,153,160,7,160,
8,135,91,135,91,145,8,145,
7,122,81,122,81,132,7,132,
7,110,47,110,47,121,7,121,
202,107,245,107,245,122,202,122,
7,96,92,96,92,109,7,109,
60,82,180,82,180,95,60,95,
9,73,25,73,25,81,9,81,
50,72,183,72,183,79,50,79,
114,56,163,56,163,67,114,67,
220,43,240,43,240,50,220,50,