27,876,531,882,531,906,27,900,
90,845,460,850,460,876,89,870,
29,785,530,793,530,822,29,813,
116,757,436,764,435,788,116,781,
376,706,435,709,434,731,375,729,
132,701,370,707,370,732,131,727,
470,683,532,683,532,706,470,706,
34,669,182,673,181,698,34,695,
459,655,532,655,532,677,459,677,
48,643,146,646,146,668,47,665,
460,625,533,628,532,650,459,647,
34,614,207,617,206,641,34,638,
483,599,535,601,534,624,482,621,
35,585,243,590,242,615,35,610,
462,570,536,573,535,595,461,592,
37,555,289,564,288,590,36,581,
491,516,538,519,537,539,490,536,
31,505,61,505,61,525,31,525,
468,486,539,488,538,511,467,509,
397,489,410,489,410,506,397,506,
276,481,340,484,340,506,275,504,
30,475,193,481,193,502,30,496,
351,456,401,459,400,482,350,479,
28,444,342,454,342,480,27,470,
494,433,541,433,541,453,494,453,
27,418,57,418,57,439,27,439,
470,400,542,403,541,425,469,422,
399,399,416,399,416,420,399,420,
267,394,341,396,341,419,266,416,
26,385,193,391,193,413,25,407,
388,368,493,371,493,393,387,391,
353,370,376,370,376,387,353,387,
240,363,341,366,341,388,239,385,
25,352,242,362,241,387,24,378,
470,339,544,341,543,367,469,364,
389,338,418,338,418,360,389,360,
255,329,344,333,342,360,253,357,
26,320,131,326,129,352,24,346,
387,282,541,289,540,310,386,303,
25,260,130,267,129,292,23,286,
411,253,538,262,536,285,410,275,
25,231,341,249,339,274,23,256,
192,214,388,226,386,249,191,236,
282,141,444,148,443,174,281,167,
32,121,195,131,193,166,30,157,
258,108,468,118,467,144,257,135,
262,74,463,85,461,111,261,100,