313,965,417,961,418,983,313,986,
528,967,538,967,538,983,528,983,
314,945,414,945,414,962,314,962,
480,944,538,941,539,960,481,963,
329,872,534,872,534,893,329,893,
69,814,317,814,317,839,69,839,
440,812,540,812,540,837,440,837,
464,766,535,766,535,787,464,787,
64,762,236,766,236,794,64,790,
337,739,366,739,366,760,337,760,
463,722,534,722,534,744,463,744,
306,722,324,722,324,745,306,745,
63,716,130,720,128,750,61,746,
472,682,537,685,536,706,471,704,
364,685,427,685,427,704,364,704,
35,683,121,683,121,705,35,705,
309,684,325,684,325,705,309,705,
470,651,537,654,536,675,469,673,
364,655,427,655,427,673,364,673,
36,652,121,652,121,674,36,674,
308,652,324,652,324,674,308,674,
476,612,538,615,537,637,475,635,
375,615,426,615,426,635,375,635,
304,615,330,615,330,635,304,635,
123,613,204,613,204,635,123,635,
51,586,291,586,291,606,51,606,
226,556,391,557,390,575,226,574,
51,554,177,551,178,576,52,579,
226,528,390,528,390,545,226,545,
54,526,188,526,188,548,54,548,
107,500,115,500,115,509,107,509,
52,496,111,496,111,515,52,515,
158,492,352,494,351,516,157,513,
211,466,363,467,363,486,211,485,
54,464,173,464,173,486,54,486,
120,423,426,428,426,457,119,452,
177,384,374,388,373,412,176,407,
173,347,378,349,378,371,173,368,
81,308,467,314,467,339,81,332,
229,192,344,187,346,225,231,230,
195,151,285,159,283,181,192,172,