35,764,472,767,472,785,35,781,
90,736,421,739,421,759,90,756,
34,681,484,686,484,710,34,704,
112,654,397,657,397,680,111,677,
123,576,395,578,395,599,123,597,
408,554,485,556,484,574,408,572,
36,548,167,548,167,572,36,572,
407,526,484,529,483,547,407,544,
47,523,135,523,135,545,47,545,
409,501,485,503,484,521,409,519,
37,496,187,496,187,517,37,517,
460,476,477,476,477,495,460,495,
39,471,208,471,208,491,39,491,
409,450,483,450,483,468,409,468,
38,442,259,445,259,466,38,463,
409,397,482,397,482,415,409,415,
353,398,366,398,366,413,353,413,
229,396,302,396,302,414,229,414,
37,396,178,396,178,413,37,413,
36,365,273,368,273,389,36,387,
407,342,474,340,475,362,408,365,
333,342,358,342,358,365,333,365,
228,340,294,340,294,362,228,362,
37,336,125,339,124,364,36,360,
344,291,484,291,484,311,344,311,
38,290,122,290,122,308,38,308,
366,264,474,264,474,284,366,284,
36,260,301,264,301,285,36,280,
176,234,336,236,335,257,176,255,
260,185,395,185,395,205,260,205,
224,157,437,157,437,177,224,177,
47,152,178,154,178,181,47,179,
226,124,436,127,435,151,226,149,
217,96,444,96,444,120,217,120,