474,713,485,713,485,730,474,730,
569,680,590,680,590,735,569,735,
576,666,584,666,584,686,576,686,
521,662,542,662,542,728,521,728,
648,657,663,657,661,726,646,726,
650,633,661,633,661,651,650,651,
407,603,438,603,438,731,407,731,
650,606,658,606,658,620,650,620,
283,570,326,573,318,703,275,700,
464,568,492,568,492,697,464,697,
523,538,545,538,545,588,523,588,
642,465,662,465,662,596,642,596,
569,462,590,462,590,586,569,586,
518,298,548,298,548,351,518,351,
566,287,594,287,594,368,566,368,
349,203,388,204,383,351,344,350,
413,184,447,186,439,350,405,348,
566,84,590,84,590,210,566,210,
277,71,319,71,317,356,275,356,
520,69,545,69,545,171,520,171,
10,32,74,32,71,712,7,712,
130,5,219,5,222,727,133,727,
644,21,657,21,657,39,644,39,