316,1225,583,1230,583,1254,316,1249,
437,1219,522,1219,522,1234,437,1234,
406,1200,541,1200,541,1218,406,1218,
328,1165,435,1168,435,1188,328,1185,
329,1151,432,1151,432,1167,329,1167,
483,1148,505,1148,505,1185,483,1185,
329,1134,410,1134,410,1150,329,1150,
486,1120,503,1120,503,1153,486,1153,
329,1120,357,1120,357,1135,329,1135,
326,1101,548,1101,548,1121,326,1121,
326,1084,444,1084,444,1103,326,1103,
328,1069,384,1069,384,1084,328,1084,
326,1053,384,1053,384,1069,326,1069,
313,1033,571,1033,571,1053,313,1053,
313,1019,486,1014,486,1029,313,1033,
568,1011,637,1015,636,1035,567,1031,
571,999,637,999,637,1015,571,1015,
309,999,488,994,489,1014,309,1019,
312,972,475,969,476,989,312,992,
547,967,638,971,638,991,546,987,
315,949,381,949,381,965,315,965,
550,942,637,945,636,965,549,962,
313,929,499,929,499,948,313,948,
595,906,612,906,612,919,595,919,
354,905,503,903,503,919,354,921,
555,885,635,885,635,901,555,901,
313,884,506,884,506,904,313,904,
561,854,635,854,635,869,561,869,
444,854,518,854,518,868,444,868,
316,854,400,854,400,869,316,869,
316,837,441,837,441,851,316,851,
434,835,632,832,632,851,434,854,
577,821,634,821,634,835,577,835,
374,822,396,822,396,832,374,832,
315,821,367,821,367,835,315,835,
444,818,516,818,516,834,444,834,
541,804,631,804,631,820,541,820,
313,801,544,801,544,820,313,820,
318,788,393,788,393,804,318,804,
516,787,593,787,593,803,516,803,
564,771,634,771,634,787,564,787,
447,771,515,771,515,787,447,787,
316,771,373,771,373,785,316,785,
558,756,613,756,613,770,558,770,
429,753,547,753,547,771,429,771,
313,753,438,753,438,771,313,771,
563,737,635,737,635,753,563,753,
442,738,513,738,513,753,442,753,
316,738,365,738,365,753,316,753,
312,717,635,719,635,739,312,737,
323,706,394,706,394,721,323,721,
517,701,592,705,591,723,516,720,
570,690,634,690,634,706,570,706,
368,692,394,692,394,703,368,703,
451,689,515,689,515,704,451,704,
316,687,370,687,370,703,316,703,
516,672,635,672,635,690,516,690,
315,670,516,670,516,689,315,689,
326,657,394,657,394,673,326,673,
522,656,590,656,590,672,522,672,
448,640,515,640,515,656,448,656,
564,639,634,639,634,655,564,655,
367,639,396,639,396,655,367,655,
318,639,368,639,368,655,318,655,
315,620,638,620,638,640,315,640,
360,600,448,604,448,623,359,620,
563,591,637,591,637,606,563,606,
444,591,515,591,515,606,444,606,
315,591,364,591,364,606,315,606,
313,571,570,571,570,591,313,591,
365,555,445,555,445,571,365,571,
312,541,364,541,364,556,312,556,
561,536,638,536,638,556,561,556,
438,538,518,538,518,558,438,558,
551,522,635,522,635,538,551,538,
307,522,560,521,560,541,308,542,
312,508,361,508,361,522,312,522,
558,507,638,503,638,519,559,522,
441,505,516,502,517,522,442,525,
306,488,518,487,518,507,306,508,
513,487,638,485,638,505,514,507,
306,455,486,454,486,474,306,475,
540,454,637,454,637,470,540,470,
309,440,376,440,376,455,309,455,
422,435,638,431,638,451,422,455,
305,413,396,413,396,428,305,428,
387,410,631,407,631,427,387,430,
397,390,574,387,574,407,398,410,
352,367,596,364,596,383,353,386,
326,347,615,347,615,367,326,367,
380,329,548,327,548,347,380,349,
381,295,512,295,512,313,381,313,
376,273,551,276,551,296,375,293,
373,253,534,259,533,281,372,274,
355,218,492,212,494,237,356,244,