460,924,506,924,506,939,460,939,
6,921,234,921,234,942,6,942,
7,858,235,856,235,887,7,889,
489,856,515,856,515,884,489,884,
4,820,147,814,148,841,5,847,
1,771,147,771,147,802,1,802,
495,773,512,773,512,796,495,796,
0,737,97,737,97,758,0,758,
2,695,162,690,163,717,3,721,
1,656,260,653,260,676,1,679,
243,598,293,598,293,620,243,620,
449,597,515,597,515,619,449,619,
2,597,146,594,146,617,2,621,
1,567,92,567,92,591,1,591,
445,561,515,561,515,583,445,583,
0,524,99,524,99,548,0,548,
441,519,514,519,514,540,441,540,
140,497,170,497,170,517,140,517,
0,491,78,491,78,519,0,519,
178,451,221,451,221,473,178,473,
124,454,136,454,136,471,124,471,
307,451,366,449,367,470,308,473,
440,449,509,447,510,468,441,471,
0,421,327,419,328,443,0,445,
306,388,361,385,362,406,307,409,
177,388,218,388,218,406,177,406,
121,388,137,388,137,407,121,407,
446,385,504,385,504,405,446,405,
2,362,152,362,152,379,2,379,
142,361,440,357,441,377,142,381,
176,327,219,327,219,345,176,345,
0,323,84,326,83,346,0,344,
302,326,359,323,360,345,303,348,
121,327,137,327,137,346,121,346,
430,324,497,324,497,344,430,344,
303,297,360,297,360,318,303,318,
0,296,122,298,122,319,0,317,
2,271,416,271,416,288,2,288,
299,238,356,238,356,258,299,258,
423,238,487,238,487,255,423,255,
174,238,216,238,216,255,174,255,
123,239,135,239,135,255,123,255,
5,211,403,211,403,231,5,231,
123,185,133,185,133,195,123,195,
286,182,351,182,351,199,286,199,
173,181,213,181,213,198,173,198,
417,180,482,177,483,198,418,200,
10,162,340,156,341,173,10,179,
19,138,111,140,111,157,19,155,
138,138,229,133,230,151,139,156,
263,133,464,130,465,147,263,150,
121,110,380,103,380,126,121,132,
6,79,39,79,39,94,6,94,
130,56,361,54,361,71,130,73,
157,32,337,32,337,45,157,45,