40,796,479,805,479,825,40,816,
96,767,428,774,427,798,95,791,
40,714,490,724,490,748,40,738,
116,686,404,693,403,717,115,710,
127,607,401,612,401,636,127,631,
415,588,492,592,491,613,414,609,
40,580,171,582,170,605,40,603,
413,561,492,564,491,585,412,581,
52,556,138,556,138,577,52,577,
434,534,492,536,491,558,433,556,
43,528,191,528,191,549,43,549,
413,507,483,511,481,532,412,528,
44,503,211,503,211,522,44,522,
433,481,491,483,491,504,432,501,
44,474,263,477,263,498,44,495,
422,427,491,430,491,451,421,448,
39,424,66,424,66,443,39,443,
433,402,490,402,490,423,433,423,
252,400,308,400,308,421,252,421,
357,401,373,401,373,421,357,421,
39,396,181,399,180,419,39,416,
40,368,394,373,394,396,40,391,
414,347,480,347,480,368,414,368,
337,347,361,347,361,369,337,369,
232,346,297,346,297,367,232,367,
40,340,129,343,129,367,39,364,
349,295,490,295,490,315,349,315,
41,289,127,291,127,312,40,310,
368,268,479,268,479,287,368,287,
40,264,306,268,305,288,40,284,
180,239,338,241,338,262,179,260,
268,190,396,190,396,210,268,210,
245,158,422,160,421,184,245,182,
43,148,185,150,184,188,42,185,
235,126,432,131,431,154,234,150,
207,97,461,101,460,125,206,120,