44,746,428,749,428,766,44,763,
93,724,381,727,381,744,93,741,
44,681,436,684,436,704,44,701,
111,659,360,662,360,679,110,676,
275,597,436,598,436,616,275,615,
45,597,169,597,169,614,45,614,
413,577,430,577,430,595,413,595,
45,575,278,575,278,595,45,595,
286,557,435,557,435,574,286,574,
46,550,204,555,204,574,46,570,
120,511,359,514,359,534,119,531,
424,495,437,495,437,510,424,510,
46,489,159,492,159,510,46,507,
376,473,436,470,436,488,377,491,
55,468,133,471,132,489,55,486,
377,451,436,451,436,468,377,468,
48,450,177,450,177,467,48,467,
413,428,430,428,430,447,413,447,
47,426,195,429,195,446,47,443,
375,409,434,405,435,423,376,427,
47,405,240,409,240,426,47,422,
222,368,277,368,277,385,222,385,
376,366,435,365,435,383,377,385,
45,364,167,368,167,385,45,381,
45,341,317,347,316,367,45,361,
220,325,277,325,277,343,220,343,
374,326,435,323,435,341,375,344,
320,326,334,326,334,341,320,341,
46,323,166,325,166,341,46,339,
46,301,194,304,194,322,46,319,
367,283,424,280,425,299,368,303,
302,282,326,282,326,303,302,303,
210,281,270,281,270,303,210,303,
45,277,124,281,123,302,44,298,
310,243,433,240,433,257,311,260,
46,239,121,241,120,258,46,256,
329,221,424,218,424,236,330,239,
46,216,277,220,277,240,46,236,
166,195,305,198,304,219,165,216,
242,159,354,159,354,179,242,179,
217,134,375,137,375,157,217,154,
51,128,170,132,168,161,49,156,
199,110,397,114,397,135,199,131,
236,86,361,89,360,110,236,107,