231,1096,731,1101,731,1136,231,1131,
741,1015,882,1015,882,1052,741,1052,
84,1003,351,1009,350,1053,83,1047,
763,945,882,948,881,984,762,981,
401,946,517,946,517,979,401,979,
81,940,109,943,104,978,77,975,
82,885,586,889,585,925,82,921,
761,831,884,831,884,864,761,864,
399,825,518,825,518,863,399,863,
78,824,105,824,105,859,78,859,
79,769,635,774,635,809,79,804,
741,714,882,714,882,747,741,747,
387,709,527,709,527,749,387,749,
75,706,108,706,108,745,75,745,
81,651,483,657,483,693,80,688,
391,597,518,597,518,633,391,633,
77,593,130,593,130,629,77,629,
698,593,883,587,885,629,699,635,
626,471,881,468,882,499,626,502,
78,462,286,465,285,501,78,498,
299,403,653,405,653,442,299,439,
278,288,671,296,671,327,278,319,
69,227,880,235,880,288,69,280,
280,187,669,196,668,231,279,223,