108,625,212,625,212,642,108,642,
122,608,197,608,197,621,122,621,
139,589,176,589,176,603,139,603,
68,568,248,568,248,586,68,586,
34,513,145,513,145,527,34,527,
32,484,146,483,146,500,33,501,
33,466,134,466,134,479,33,479,
33,444,145,445,145,461,33,460,
180,425,283,428,283,446,179,442,
35,423,140,425,140,443,34,440,
252,391,284,391,284,406,252,406,
168,388,237,388,237,405,168,405,
85,386,152,388,151,405,85,403,
32,387,81,387,81,403,32,403,
241,368,286,370,285,388,240,386,
169,369,190,369,190,385,169,385,
94,368,147,370,146,385,93,383,
32,367,59,367,59,383,32,383,
252,352,285,352,285,367,252,367,
168,349,216,349,216,367,168,367,
118,350,152,350,152,365,118,365,
32,346,67,346,67,364,32,364,
163,333,203,333,203,348,163,348,
99,328,154,331,153,348,98,345,
257,313,285,313,285,330,257,330,
33,307,93,310,92,328,32,325,
33,287,163,294,162,312,32,305,
232,277,284,277,284,291,232,291,
33,267,85,269,84,287,32,285,
204,258,284,258,284,272,204,272,
171,257,210,257,210,271,171,271,
109,253,152,255,151,270,108,268,
34,250,55,250,55,267,34,267,
191,235,286,238,286,255,190,252,
166,214,286,219,286,236,166,232,
33,209,121,213,121,230,32,227,
171,196,285,200,285,217,170,214,
34,188,93,192,92,210,33,206,
62,128,246,137,245,162,61,152,