22,535,329,536,329,550,22,549,
63,517,292,517,292,531,63,531,
24,481,336,483,336,497,24,495,
76,462,276,463,276,479,76,478,
85,411,274,411,274,425,85,425,
291,392,338,394,337,409,290,407,
23,391,114,393,114,407,22,405,
290,373,337,376,336,391,289,388,
29,375,92,375,92,389,29,389,
295,359,336,359,336,372,295,372,
24,357,128,357,128,370,24,370,
284,341,329,341,329,355,284,355,
25,340,142,340,142,353,25,353,
295,324,335,324,335,338,295,338,
25,322,179,322,179,336,25,336,
288,289,335,289,335,303,288,303,
22,288,39,288,39,300,22,300,
294,270,334,270,334,285,294,285,
242,271,255,271,255,285,242,285,
169,270,209,270,209,285,169,285,
21,268,118,269,118,284,21,283,
251,254,283,254,283,268,251,268,
212,254,257,254,257,267,212,267,
148,254,210,254,210,267,148,267,
22,254,143,254,143,266,22,266,
281,236,328,236,328,251,281,251,
22,236,83,236,83,250,22,250,
227,235,248,235,248,251,227,251,
154,235,203,235,203,250,154,250,
236,200,334,200,334,214,236,214,
22,200,80,200,80,214,22,214,
251,182,327,182,327,196,251,196,
22,182,208,182,208,196,22,196,
119,162,230,162,230,176,119,176,
179,128,272,128,272,145,179,145,
160,111,290,111,290,125,160,125,
22,104,121,107,120,131,21,128,
151,91,300,91,300,105,151,105,
144,69,306,69,306,86,144,86,