29,853,444,856,444,873,29,870,
79,826,393,829,393,850,79,846,
27,776,454,776,454,797,27,797,
97,748,371,748,371,772,97,772,
24,678,159,674,160,696,25,700,
278,674,454,674,454,695,278,695,
26,652,277,645,278,667,27,673,
431,648,445,648,445,667,431,667,
26,626,199,622,199,644,27,647,
288,624,451,622,451,641,289,642,
107,573,368,567,369,591,108,598,
26,550,150,547,150,569,27,572,
439,546,453,546,453,565,439,565,
36,528,89,528,89,546,36,546,
386,521,451,521,451,540,386,540,
35,501,121,498,122,520,36,523,
377,497,450,495,450,514,377,515,
28,476,170,473,171,493,28,497,
379,472,450,472,450,490,379,490,
28,451,189,448,190,469,28,472,
427,447,442,447,442,463,427,463,
30,426,237,425,237,444,30,445,
378,422,449,422,449,441,378,441,
27,379,159,379,159,396,27,396,
217,377,278,377,278,395,217,395,
325,377,338,377,338,391,325,391,
377,373,448,370,448,389,377,391,
25,352,210,350,210,372,26,374,
26,325,111,327,110,349,25,347,
205,322,270,322,270,348,205,348,
303,323,330,323,330,346,303,346,
374,323,440,317,441,339,376,344,
28,279,106,279,106,297,28,297,
314,277,447,271,447,289,315,294,
27,252,276,251,276,271,27,273,
333,249,438,245,439,266,334,270,
159,227,307,226,307,245,159,246,
238,180,359,175,360,197,239,202,
214,154,386,151,387,171,214,175,
30,147,162,150,161,182,30,179,
203,127,399,123,399,143,204,148,
191,100,407,96,408,117,192,121,