56,964,560,971,560,995,55,988,
122,941,502,951,501,971,122,962,
541,906,567,906,567,923,541,923,
59,894,534,901,533,924,59,917,
148,869,484,876,483,899,147,892,
375,800,567,807,566,827,375,821,
63,798,225,798,225,818,63,818,
63,768,392,773,391,797,63,793,
394,750,565,755,564,776,394,771,
66,746,276,750,276,770,65,765,
434,697,505,700,504,721,434,718,
168,694,431,697,430,721,167,718,
526,676,567,676,567,697,526,697,
69,665,224,669,224,693,69,690,
527,649,567,649,567,670,527,670,
80,643,188,646,187,667,80,663,
534,618,567,622,567,643,532,640,
67,614,253,617,253,641,66,638,
68,587,293,589,293,612,68,610,
540,563,567,563,567,588,540,588,
70,559,348,564,348,587,70,582,
326,507,408,505,408,527,326,529,
65,503,245,507,245,531,64,527,
548,504,566,504,566,528,548,528,
475,504,493,504,493,530,475,530,
257,477,441,476,442,499,257,500,
450,477,525,477,525,498,450,498,
537,476,567,476,567,499,537,499,
67,473,250,478,249,502,66,497,
316,446,415,446,415,470,316,470,
70,443,180,449,179,473,68,467,
469,446,499,446,499,470,469,470,
476,389,567,389,567,413,476,413,
71,385,181,390,180,414,70,409,
509,354,567,357,566,382,508,379,
68,351,424,359,423,390,67,382,
254,326,484,327,484,351,254,350,
381,268,556,268,556,292,381,292,
386,229,558,231,558,259,386,256,
85,220,262,230,260,266,83,256,
324,186,566,192,565,224,324,218,
373,149,563,151,562,183,373,181,