70,971,365,968,365,983,70,985,
765,967,789,967,789,984,765,984,
57,876,370,876,370,891,57,891,
611,829,667,829,667,844,611,844,
110,829,213,829,213,844,110,844,
359,829,372,829,372,845,359,845,
51,805,435,806,435,824,51,823,
614,759,670,759,670,774,614,774,
109,759,210,759,210,773,109,773,
359,758,371,758,371,775,359,775,
48,733,556,736,556,755,48,752,
614,689,670,689,670,704,614,704,
359,689,369,689,369,701,359,701,
98,687,217,687,217,701,98,701,
45,661,417,666,417,684,45,679,
619,616,671,619,671,635,619,632,
357,616,369,616,369,633,357,633,
101,613,207,615,206,630,101,628,
45,591,134,593,134,608,45,606,
610,549,669,551,669,567,609,564,
354,547,368,547,368,565,354,565,
98,545,210,545,210,559,98,559,
43,519,282,523,282,545,43,540,
607,485,666,485,666,503,607,503,
91,476,214,477,214,493,91,492,
44,451,101,451,101,470,44,470,
40,429,631,441,631,462,40,450,
590,419,671,421,671,439,589,436,
348,414,370,414,370,432,348,432,
117,408,181,412,180,430,116,426,
26,316,242,318,242,336,26,334,
23,277,107,279,107,297,23,295,
25,263,83,263,83,278,25,278,
23,245,195,250,195,268,23,263,
319,238,392,240,392,255,319,253,
269,219,441,224,440,242,268,237,
23,175,233,180,233,198,23,193,
292,149,418,152,417,167,291,164,
172,126,534,137,533,155,172,144,
346,82,362,82,362,90,346,90,
331,64,381,64,381,80,331,80,
491,0,600,0,600,15,491,15,