25,708,439,713,439,733,25,729,
78,684,389,687,388,708,77,704,
24,633,448,637,448,663,24,659,
98,607,367,611,366,635,97,631,
107,535,364,537,364,561,107,560,
432,518,448,518,448,539,432,539,
25,511,150,513,150,535,25,532,
385,494,446,494,446,512,385,512,
33,487,120,490,120,510,33,508,
385,470,446,470,446,488,385,488,
26,464,169,464,169,485,26,485,
422,447,436,447,436,463,422,463,
26,440,189,441,189,461,26,460,
383,422,446,420,446,439,384,440,
26,414,237,419,236,439,26,435,
384,374,445,374,445,392,384,392,
323,376,335,376,335,390,323,390,
217,373,275,373,275,391,217,391,
23,368,157,372,157,390,23,387,
22,343,427,348,427,370,22,364,
373,323,436,323,436,344,373,344,
304,325,326,325,326,343,304,343,
205,322,267,322,267,344,205,344,
23,316,108,320,107,341,23,338,
311,276,444,274,444,294,311,296,
23,270,105,272,104,290,23,288,
333,251,434,250,434,269,333,270,
22,244,274,250,274,270,22,265,
153,223,304,226,304,247,153,243,
237,178,358,180,358,201,236,198,
212,150,384,153,383,176,212,173,
26,142,158,146,157,177,26,174,
199,124,398,127,397,148,199,144,
190,98,405,98,405,118,190,118,