463,334,471,334,471,347,463,347,
404,333,416,333,416,348,404,348,
349,334,359,334,359,348,349,348,
292,333,302,333,302,349,292,349,
572,297,583,297,583,338,572,338,
61,290,88,280,98,309,71,318,
234,282,251,283,246,352,229,351,
198,282,215,283,209,351,193,349,
553,271,569,271,569,341,553,341,
589,251,606,251,606,346,589,346,
442,242,459,242,456,351,439,350,
99,235,131,239,118,354,87,351,
386,239,404,239,400,351,382,350,
330,239,348,239,342,352,325,351,
275,239,292,239,285,352,269,351,
684,238,700,238,699,351,682,351,
424,234,441,234,435,351,418,350,
535,233,553,233,548,347,531,346,
368,233,384,233,379,351,362,350,
514,218,531,218,530,346,513,346,
645,204,662,204,662,349,645,349,
425,186,439,186,439,230,425,230,
495,176,515,176,513,348,493,348,
239,152,256,152,256,208,239,208,
280,143,294,143,294,194,280,194,
662,139,682,139,683,348,663,348,
335,142,349,142,349,197,335,197,
185,139,204,140,192,352,172,351,
445,138,459,138,459,188,445,188,
390,138,404,138,404,188,390,188,
167,119,185,120,176,249,158,248,
424,113,441,113,441,189,424,189,
242,104,254,104,254,127,242,127,
258,95,279,95,270,351,249,350,
266,89,273,89,273,101,266,101,
448,80,461,94,448,108,434,94,
429,83,441,83,441,104,429,104,
134,75,152,76,146,182,129,181,
609,73,626,73,625,289,608,289,
370,72,388,72,384,238,366,238,
739,71,755,71,755,296,739,296,
74,69,92,70,85,195,68,194,
115,59,134,60,126,202,106,201,
793,48,813,48,814,322,794,322,
94,38,114,39,105,216,85,216,
262,20,279,20,279,90,262,90,
813,18,830,18,832,354,815,354,
244,17,261,17,259,72,241,72,
188,15,205,15,201,102,184,101,
684,14,700,14,698,149,681,149,
317,13,337,13,325,352,305,351,
648,15,661,15,661,137,648,137,
757,12,775,12,777,350,759,350,
517,13,535,13,535,63,517,63,
300,14,315,14,315,56,300,56,
283,14,296,14,296,62,283,62,
207,12,225,12,221,114,204,113,
355,11,373,12,370,59,352,58,
337,13,351,13,351,57,337,57,
555,12,570,12,570,57,555,57,
537,11,555,11,555,60,537,60,
500,12,515,12,515,59,500,59,
465,12,480,12,480,44,465,44,
410,12,424,12,424,45,410,45,
390,10,408,11,405,56,388,55,
574,9,591,10,589,55,571,54,
446,11,461,11,461,53,446,53,
595,12,604,12,604,24,595,24,