22,734,425,734,425,754,22,754,
74,710,377,710,377,730,74,730,
21,664,436,664,436,684,21,684,
93,641,355,641,355,658,93,658,
103,569,355,569,355,589,103,589,
384,550,438,550,438,567,384,567,
24,546,142,546,142,566,24,566,
367,526,437,526,437,543,367,543,
33,525,113,525,113,542,33,542,
367,503,437,503,437,520,367,520,
24,500,163,498,164,518,25,520,
414,481,429,481,429,496,414,496,
25,477,182,476,182,494,25,495,
368,456,437,456,437,473,368,473,
25,452,229,453,229,473,25,472,
376,410,437,410,437,428,376,428,
317,413,327,413,327,424,317,424,
210,410,270,410,270,427,210,427,
21,410,153,410,153,427,21,427,
20,385,243,385,243,405,20,405,
377,364,438,364,438,381,377,381,
210,363,269,363,269,381,210,381,
21,364,151,364,151,378,21,378,
316,364,329,364,329,382,316,382,
189,340,262,340,262,357,189,357,
169,342,183,342,183,354,169,354,
365,338,418,340,417,358,365,356,
265,339,360,337,360,357,266,359,
20,339,163,339,163,356,20,356,
369,314,431,314,431,335,369,335,
297,315,321,315,321,336,297,336,
199,314,262,314,262,336,199,336,
20,310,104,313,104,334,19,331,
306,269,439,265,440,285,307,288,
20,266,100,266,100,284,20,284,
329,245,430,242,430,259,329,262,
20,239,270,244,269,265,19,260,
150,218,300,221,299,241,150,237,
233,175,355,173,355,194,234,196,
207,148,381,147,381,168,207,169,
21,136,155,139,154,173,20,170,
196,123,395,119,395,140,197,144,
187,95,405,90,406,113,187,117,