53,1158,146,1151,149,1186,56,1193,
667,1128,760,1142,755,1173,663,1159,
54,1114,281,1081,285,1115,59,1148,
666,1077,759,1093,753,1128,660,1112,
57,1068,279,1031,285,1064,62,1101,
666,1028,756,1042,750,1077,660,1063,
59,1016,214,990,220,1025,65,1051,
729,993,753,993,753,1024,729,1024,
60,965,276,932,281,970,66,1003,
667,928,753,939,748,974,663,964,
66,900,85,900,85,927,66,927,
676,859,757,870,752,905,671,894,
383,847,450,834,457,865,389,878,
65,837,284,807,289,841,69,870,
69,755,116,755,116,790,69,790,
617,725,758,732,756,768,615,762,
371,722,464,715,467,750,373,757,
70,670,183,660,186,695,73,705,
71,618,383,601,385,635,73,652,
70,561,516,548,517,585,71,598,
70,412,280,419,279,453,69,445,
542,421,751,407,754,442,544,456,
301,353,555,356,555,401,301,398,
365,250,499,255,498,290,364,285,
257,184,594,190,593,253,255,247,
313,147,544,155,543,204,312,196,