360,372,380,372,380,401,360,401,
300,371,318,371,318,424,300,424,
247,370,268,370,268,426,247,426,
170,360,188,360,188,426,170,426,
132,350,154,350,151,426,129,426,
200,338,225,339,220,427,195,426,
368,314,387,314,387,333,368,333,
349,308,373,308,373,339,349,339,
301,247,316,247,316,296,301,296,
359,245,378,245,378,274,359,274,
248,237,270,238,267,298,245,297,
299,206,315,206,315,219,299,219,
626,200,645,200,645,254,626,254,
359,183,378,183,378,212,359,212,
490,163,504,163,504,285,490,285,
573,149,591,149,588,297,570,297,
593,146,613,146,615,420,595,420,
550,145,567,145,567,306,550,306,
81,142,106,142,102,305,78,305,
516,109,537,109,537,338,516,338,
38,102,55,102,55,363,38,363,
359,74,377,74,374,146,356,146,
316,54,333,54,333,156,316,156,
296,50,313,50,311,143,294,143,
272,50,290,50,290,107,272,107,
244,46,261,46,261,153,244,153,
651,40,676,40,677,412,652,412,
595,31,612,31,612,131,595,131,
168,23,183,23,181,79,165,79,
363,24,371,24,371,34,363,34,
303,24,312,24,312,34,303,34,
192,17,219,17,217,197,190,197,
248,22,263,22,263,34,248,34,
429,18,447,18,449,265,431,265,
131,18,152,18,152,126,131,126,
398,16,419,16,421,190,401,190,
460,17,477,17,477,115,460,115,