194,1346,216,1346,216,1360,194,1360,
188,1287,319,1291,318,1332,187,1329,
165,1236,759,1252,758,1291,164,1275,
764,1201,912,1201,912,1241,764,1241,
165,1185,569,1194,568,1238,164,1229,
744,1148,912,1148,912,1192,744,1192,
175,1136,321,1143,319,1179,174,1172,
178,1087,589,1097,588,1137,177,1127,
831,1003,854,1003,854,1039,831,1039,
277,997,608,1003,607,1039,277,1033,
740,955,904,955,904,995,740,995,
192,946,614,949,613,989,191,986,
757,864,901,864,901,904,757,904,
497,862,634,862,634,898,497,898,
352,867,373,867,373,886,352,886,
319,865,360,865,360,886,319,886,
204,861,307,861,307,892,204,892,
205,812,896,823,896,857,204,846,
637,778,788,778,788,808,637,808,
245,772,379,782,377,813,243,803,
738,734,892,734,892,768,738,768,
350,738,370,738,370,756,350,756,
486,731,638,731,638,766,486,766,
365,738,380,738,380,760,365,760,
217,730,360,733,359,763,216,760,
221,689,805,694,805,727,220,721,
508,653,637,653,637,683,508,683,
753,650,889,650,889,684,753,684,
371,657,384,657,384,676,371,676,
226,649,328,652,327,682,224,678,
229,610,872,610,872,645,229,645,
233,532,886,531,886,565,234,566,
463,499,721,499,721,528,463,528,
241,498,368,498,368,528,241,528,
767,497,880,497,880,522,767,522,
247,423,862,425,861,455,246,452,
347,390,503,390,503,414,347,414,
532,388,657,388,657,413,532,413,
680,387,812,387,812,413,680,413,
348,317,831,314,831,344,348,347,
367,283,813,276,814,306,367,313,
336,246,828,236,828,270,337,281,
387,214,794,203,795,233,388,244,
267,180,874,165,875,199,267,214,
284,147,859,129,860,163,285,181,
816,106,868,102,869,122,818,126,
274,113,830,95,831,128,275,145,
391,79,780,65,781,94,392,107,
413,46,763,28,765,58,414,76,
499,9,675,4,676,34,499,39,