131,947,564,945,564,974,131,976,
274,918,438,914,439,940,274,943,
72,875,638,864,638,893,72,904,
38,820,219,817,219,844,39,847,
549,813,641,813,641,839,549,839,
331,772,385,772,385,800,331,800,
47,772,226,770,226,797,47,799,
549,770,643,770,643,796,549,796,
47,734,170,734,170,764,47,764,
562,729,641,729,641,755,562,755,
47,680,184,684,183,714,47,710,
560,676,639,676,639,703,560,703,
219,650,254,650,254,675,219,675,
49,647,152,647,152,674,49,674,
58,595,155,595,155,621,58,621,
261,596,309,594,310,613,263,616,
200,596,217,596,217,618,200,618,
552,591,631,591,631,614,552,614,
406,593,470,588,472,616,408,620,
58,554,202,558,201,584,58,580,
409,555,471,555,471,578,409,578,
61,521,555,516,555,542,61,546,
61,479,158,479,158,501,61,501,
261,478,310,475,311,499,263,502,
404,476,469,473,471,501,406,504,
202,478,220,478,220,500,202,500,
548,474,626,474,626,497,548,497,
62,438,204,442,204,467,61,464,
407,438,470,438,470,465,407,465,
64,404,508,401,508,430,65,433,
261,365,310,365,310,388,261,388,
205,367,219,367,219,385,205,385,
392,362,468,362,468,388,392,388,
545,359,621,359,621,383,545,383,
66,329,500,326,500,352,67,354,
220,295,253,295,253,316,220,316,
277,295,327,292,329,315,278,318,
77,291,188,296,187,319,76,314,
364,291,602,286,602,314,365,320,
196,246,502,244,502,277,197,280,
56,195,94,195,94,217,56,217,
205,161,486,157,487,182,205,187,
237,122,459,120,459,143,237,144,