3,706,199,706,199,723,3,723,
394,700,457,698,457,715,394,717,
4,680,133,680,133,697,4,697,
0,646,131,649,131,670,0,667,
427,647,464,647,464,667,427,667,
0,617,89,619,89,637,0,635,
452,617,466,617,466,638,452,638,
0,587,133,587,133,607,0,607,
0,557,223,557,223,577,0,577,
216,510,260,510,260,529,216,529,
397,508,463,505,464,526,398,529,
0,508,128,505,128,526,0,529,
0,478,97,482,96,506,0,502,
397,477,464,477,464,498,397,498,
135,459,149,459,149,476,135,476,
1,455,68,455,68,476,1,476,
156,418,196,418,196,436,156,436,
262,417,325,414,326,435,263,438,
109,419,122,419,122,435,109,435,
392,413,458,413,458,434,392,434,
0,391,435,382,435,409,0,418,
161,363,195,363,195,379,161,379,
114,364,123,364,123,377,114,377,
274,361,324,358,325,377,275,380,
400,356,454,353,455,375,401,378,
5,339,324,332,324,353,5,360,
163,308,197,308,197,323,163,323,
117,310,127,310,127,325,117,325,
273,305,325,302,326,323,274,326,
399,301,451,301,451,319,399,319,
9,282,313,277,313,298,9,304,
162,251,199,251,199,269,162,269,
117,253,130,253,130,269,117,269,
275,249,325,247,326,266,276,269,
387,245,450,242,451,263,388,266,
8,224,427,215,427,242,8,252,
15,195,255,196,255,220,15,219,
243,196,438,188,439,209,244,217,
111,163,360,159,360,189,111,193,
2,122,31,122,31,141,2,141,
118,97,348,94,348,118,118,121,
142,65,326,62,326,87,142,90,