26,681,374,683,374,700,26,698,
70,660,331,663,331,678,70,676,
26,621,381,622,380,639,26,638,
87,598,313,600,313,618,86,616,
237,539,381,540,380,555,237,554,
27,538,138,538,138,555,27,555,
364,523,374,523,374,532,364,532,
29,518,237,518,237,535,29,535,
247,500,380,500,380,514,247,514,
28,497,171,498,171,516,27,515,
95,458,312,458,312,475,95,475,
371,439,382,439,382,453,371,453,
29,437,130,437,130,454,29,454,
328,417,382,417,382,434,328,434,
36,418,104,418,104,432,36,432,
329,398,382,398,382,414,329,414,
29,397,146,397,146,413,29,413,
30,377,161,377,161,391,30,391,
363,378,377,378,377,393,363,393,
329,356,382,356,382,374,329,374,
30,356,204,356,204,373,30,373,
28,317,137,317,137,331,28,331,
329,315,383,315,383,332,329,332,
195,316,239,316,239,331,195,331,
278,316,290,316,290,332,278,332,
251,295,325,295,325,312,251,312,
176,294,249,294,249,311,176,311,
27,294,173,294,173,311,27,311,
25,270,97,272,96,293,24,291,
323,272,377,272,377,290,323,290,
263,273,282,273,282,289,263,289,
178,271,232,271,232,292,178,292,
26,232,93,232,93,249,26,249,
272,231,384,231,384,248,272,248,
289,210,377,210,377,227,289,227,
27,210,238,210,238,227,27,227,
137,186,264,188,263,206,137,204,
207,147,312,147,312,167,207,167,
192,125,327,127,327,145,192,143,
28,121,139,121,139,148,28,148,
179,103,336,105,336,122,179,119,
181,78,337,80,337,100,181,98,