30,807,354,809,353,822,30,820,
73,787,314,789,314,804,72,801,
30,749,362,752,362,769,30,766,
87,729,299,732,299,750,87,748,
227,677,361,678,361,693,227,692,
29,674,135,675,135,692,29,691,
344,658,357,658,357,674,344,674,
32,657,228,657,228,672,32,672,
237,640,361,640,361,654,237,654,
31,636,167,637,167,654,31,653,
94,599,299,600,299,618,94,617,
352,586,362,586,362,598,352,598,
31,580,129,580,129,598,31,598,
321,565,362,565,362,580,321,580,
38,563,80,563,80,578,38,578,
306,547,362,547,362,561,306,561,
38,543,106,543,106,560,38,560,
306,528,362,528,362,542,306,542,
34,526,144,526,144,540,34,540,
345,509,357,509,357,523,345,523,
34,507,159,507,159,520,34,520,
306,489,363,489,363,506,306,506,
33,486,199,487,199,504,33,503,
320,451,363,454,362,469,319,466,
265,452,278,452,278,469,265,469,
189,451,230,451,230,467,189,467,
30,449,136,450,136,466,30,465,
282,435,315,435,315,449,282,449,
30,430,286,433,286,451,30,447,
306,417,363,417,363,431,306,431,
181,414,229,416,229,431,180,429,
265,415,277,415,277,430,265,430,
31,413,137,414,137,428,31,427,
172,398,230,398,230,412,172,412,
31,393,171,395,171,412,31,410,
314,380,362,380,362,395,314,395,
266,380,278,380,278,396,266,396,
181,376,230,379,230,394,180,391,
31,375,136,377,136,392,31,389,
157,360,192,360,192,374,157,374,
31,357,153,359,153,374,31,372,
313,343,363,343,363,359,313,359,
262,345,275,340,280,356,267,360,
189,342,231,342,231,357,189,357,
31,338,135,340,135,354,30,352,
284,325,315,325,315,339,284,339,
243,324,280,324,280,339,243,339,
31,317,250,322,249,339,30,335,
314,305,364,305,364,322,314,322,
264,305,277,305,277,320,264,320,
183,303,230,303,230,319,183,319,
31,300,136,302,136,317,30,314,
31,281,98,283,98,297,30,295,
30,261,357,267,356,284,29,278,
307,249,357,249,357,265,307,265,
252,247,269,247,269,264,252,264,
173,244,224,244,224,263,173,263,
30,241,99,244,99,261,29,259,
259,208,363,211,363,228,258,225,
31,204,96,206,96,223,30,221,
275,191,356,192,356,206,275,205,
31,185,230,188,230,205,30,202,
134,165,256,169,255,187,134,183,
201,135,297,135,297,149,201,149,
185,110,313,115,312,131,185,127,
36,106,136,110,136,131,35,128,
175,88,323,94,323,112,174,106,
193,69,306,71,305,88,193,86,