487,470,562,470,562,495,487,495,
269,471,320,471,320,494,269,494,
2,464,159,466,159,492,2,489,
486,427,563,427,563,457,486,457,
2,425,119,431,118,459,1,453,
169,399,188,399,188,423,169,423,
2,388,87,392,86,421,1,418,
482,344,557,344,557,369,482,369,
329,344,401,344,401,366,329,366,
136,342,244,342,244,367,136,367,
3,305,468,309,468,332,3,328,
417,272,538,270,538,291,417,294,
307,269,396,271,396,296,306,293,
216,270,266,270,266,293,216,293,
158,271,191,271,191,291,158,291,
11,264,129,272,127,295,9,287,
137,218,443,223,442,259,136,254,
0,163,34,163,34,188,0,188,
149,130,426,137,425,161,149,155,
180,87,402,96,401,121,179,112,