82,345,321,336,322,362,83,371,
33,319,179,314,180,334,34,338,
326,310,392,307,393,327,326,329,
31,289,189,287,190,308,31,310,
371,283,392,283,392,301,371,301,
30,264,115,264,115,284,30,284,
201,263,214,263,214,280,201,280,
328,259,391,259,391,276,328,276,
29,241,176,238,177,259,30,262,
200,240,214,240,214,255,200,255,
227,238,308,236,309,254,227,256,
332,235,392,235,392,253,332,253,
38,216,112,216,112,232,38,232,
284,213,303,213,303,225,284,225,
231,212,257,212,257,228,231,228,
190,212,209,212,209,229,190,229,
313,209,392,208,393,226,313,227,
42,190,278,184,279,204,43,209,
43,167,301,164,301,181,44,184,
45,144,190,144,190,160,45,160,
42,113,325,110,325,131,43,134,
103,88,338,84,338,107,103,111,