280,1335,361,1335,361,1355,280,1355,
413,1326,526,1322,527,1346,414,1351,
255,1302,613,1289,614,1317,256,1331,
255,1277,504,1266,505,1290,256,1301,
634,1262,699,1262,699,1283,634,1283,
255,1245,504,1236,505,1265,256,1274,
610,1234,701,1231,702,1255,611,1258,
258,1185,411,1181,412,1205,259,1210,
423,1181,483,1181,483,1201,423,1201,
602,1175,701,1172,702,1198,602,1201,
258,1126,353,1121,354,1145,259,1150,
600,1114,702,1113,702,1138,601,1140,
260,1092,334,1096,333,1120,259,1117,
328,1091,517,1088,518,1114,328,1117,
316,1032,526,1029,527,1054,316,1057,
651,1026,671,1026,671,1049,651,1049,
262,1003,527,997,528,1023,263,1029,
600,996,699,996,699,1020,600,1020,
264,946,334,946,334,966,264,966,
360,948,374,948,374,963,360,963,
448,942,539,939,540,964,449,968,
599,938,696,936,696,962,599,963,
263,912,557,912,557,936,263,936,
342,886,399,886,399,908,342,908,
413,886,438,886,438,906,413,906,
265,859,332,859,332,881,265,881,
433,855,535,854,535,879,434,881,
602,854,693,851,694,876,603,880,
265,832,421,832,421,852,265,852,
409,827,535,830,535,854,409,851,
267,805,332,805,332,825,267,825,
433,800,533,798,534,824,434,825,
592,797,690,795,690,821,592,823,
270,776,419,772,419,795,270,798,
409,773,597,770,598,794,409,797,
341,747,397,747,397,768,341,768,
413,747,437,747,437,767,413,767,
296,720,335,720,335,743,296,743,
433,714,534,717,533,743,432,740,
590,714,688,711,689,735,591,739,
457,699,466,699,466,706,457,706,
418,693,461,693,461,713,418,713,
300,694,417,691,418,711,301,714,
463,692,592,692,592,711,463,711,
264,639,687,630,688,654,264,663,
262,614,353,609,354,634,263,639,
410,611,584,606,585,630,411,635,
599,606,687,606,687,626,599,626,
259,557,678,548,679,576,260,585,
328,531,433,528,434,548,328,551,
542,531,560,531,560,541,542,541,
457,526,542,526,542,546,457,546,
555,525,644,525,644,545,555,545,
323,474,657,468,657,492,324,498,
335,447,646,439,647,462,335,470,
310,418,657,410,657,435,311,444,
345,389,633,383,634,407,346,413,
252,364,693,351,693,376,253,389,
262,334,684,323,685,347,263,359,
252,300,696,293,696,321,253,329,
339,270,628,264,628,289,340,295,
352,242,619,236,619,260,353,266,
419,211,553,211,553,235,419,235,