257,373,275,373,273,454,255,453,
313,371,334,372,329,461,308,460,
284,355,304,355,304,459,284,459,
369,305,390,305,387,463,366,462,
339,293,356,293,356,460,339,460,
177,276,194,276,194,438,177,438,
254,269,267,269,267,287,254,287,
253,210,268,210,268,241,253,241,
221,183,244,183,250,446,228,447,
282,167,300,167,300,240,282,240,
197,158,216,157,222,443,202,443,
286,158,296,158,296,169,286,169,
399,146,422,146,421,408,397,408,
137,125,160,125,167,442,145,442,
106,109,132,108,141,378,114,378,
366,65,387,65,387,131,366,131,
337,63,356,63,356,100,337,100,
307,61,328,61,328,126,307,126,
280,58,301,58,301,119,280,119,
249,55,270,55,270,185,249,185,