71,958,368,949,369,975,72,983,
47,899,213,894,214,920,47,925,
180,847,552,842,553,867,181,873,
0,817,99,814,100,840,1,843,
662,807,680,807,680,830,662,830,
1,783,109,783,109,809,1,809,
603,770,682,768,682,794,604,796,
2,693,259,686,260,719,3,725,
578,681,682,681,682,712,578,712,
27,598,106,598,106,628,27,628,
335,577,393,574,395,607,337,611,
443,573,531,573,531,603,443,603,
610,573,695,573,695,603,610,603,
29,566,259,562,259,587,29,592,
118,513,233,513,233,542,118,542,
3,518,17,518,17,537,3,537,
350,510,387,510,387,541,350,541,
462,510,532,506,534,538,464,542,
618,507,694,507,694,537,618,537,
2,460,224,456,224,489,2,492,
141,412,214,412,214,439,141,439,
2,409,111,412,110,441,1,439,
627,411,696,411,696,438,627,438,
352,408,449,411,448,441,351,439,
560,365,695,365,695,393,560,393,
352,364,435,364,435,399,352,399,
1,365,91,365,91,395,1,395,
353,326,497,326,497,354,353,354,
140,323,250,325,249,359,139,356,
680,326,697,326,697,350,680,350,
0,323,30,323,30,350,0,350,
416,257,523,259,522,302,415,300,
171,252,410,261,408,303,170,295,
400,216,477,216,477,242,400,242,
219,211,408,217,407,243,219,237,
373,179,543,184,542,210,373,206,
290,180,382,180,382,206,290,206,
147,174,282,178,281,204,146,200,
325,93,592,101,591,148,324,140,
95,71,302,79,300,143,93,135,