301,653,424,648,425,669,302,673,
570,646,587,646,587,665,570,665,
298,630,418,625,419,645,299,651,
506,621,584,619,584,640,507,643,
300,549,570,532,572,559,301,577,
16,508,275,486,277,514,18,535,
430,469,566,458,568,490,433,502,
2,458,172,442,175,470,5,486,
0,408,51,405,52,437,0,439,
450,407,555,396,558,429,453,440,
246,378,265,378,265,407,246,407,
0,368,38,365,40,391,0,394,
444,353,549,341,552,370,447,382,
0,334,50,325,54,352,2,361,
234,327,257,327,257,353,234,353,
305,323,389,311,392,337,309,350,
234,297,251,297,251,318,234,318,
450,300,547,289,550,318,453,329,
300,282,383,271,386,297,303,308,
10,283,101,267,106,295,15,311,
447,259,542,246,545,271,450,285,
216,245,248,240,251,266,220,271,
305,226,376,213,381,243,311,256,
0,254,191,213,196,237,2,278,
1,219,54,206,59,227,5,240,
449,202,540,188,544,217,453,231,
1,176,58,165,62,187,5,198,
107,184,315,142,321,173,113,215,
102,145,308,104,313,133,107,174,
5,92,22,92,22,111,5,111,
14,117,297,55,305,92,22,155,
9,38,35,38,35,67,9,67,
66,66,256,21,263,53,73,98,