75,1313,101,1313,101,1324,75,1324,
114,1302,405,1262,408,1282,117,1322,
435,1256,491,1248,494,1269,438,1277,
40,1240,107,1233,109,1254,42,1261,
99,1233,178,1228,179,1246,100,1251,
72,1259,444,1208,447,1236,76,1286,
168,1224,487,1179,490,1203,171,1247,
46,1164,375,1124,378,1148,49,1188,
46,1136,217,1120,220,1143,49,1160,
44,1110,134,1102,136,1125,46,1134,
42,1088,130,1078,132,1098,44,1107,
19,1062,408,1019,411,1042,21,1085,
14,1037,288,1003,290,1027,17,1061,
13,1009,119,998,121,1021,16,1033,
408,991,505,980,508,1004,411,1015,
12,983,92,978,93,998,13,1003,
397,965,505,954,508,979,399,990,
99,969,303,948,306,976,102,997,
73,918,315,894,318,922,75,946,
11,899,68,899,68,919,11,919,
457,884,474,884,474,903,457,903,
69,891,314,868,317,893,71,917,
398,860,508,849,511,872,401,883,
5,840,88,832,91,856,7,864,
125,834,140,834,140,848,125,848,
213,822,328,811,330,835,215,846,
400,806,510,795,512,818,402,829,
5,811,510,769,512,792,7,835,
1,725,111,716,113,740,3,749,
0,753,511,713,513,741,1,781,
391,701,414,701,414,711,391,711,
186,713,394,695,396,719,188,737,
408,694,510,686,512,709,410,717,
0,662,500,632,502,661,0,691,
80,628,214,621,215,644,81,652,
238,620,340,612,341,636,240,644,
335,615,465,607,466,629,336,637,
76,567,480,550,481,574,77,591,
88,536,469,518,470,542,89,559,
58,504,481,485,483,514,59,533,
101,469,456,455,458,482,102,497,
0,443,523,420,524,448,1,471,
4,411,512,391,513,417,5,437,
6,385,48,385,48,404,6,404,
51,377,524,361,525,388,52,404,
95,342,447,330,448,359,96,371,
110,310,434,298,435,326,111,338,
193,274,356,274,356,302,193,302,