111,699,588,697,588,724,112,726,
151,675,159,675,159,684,151,684,
271,665,453,662,454,690,271,693,
41,619,673,617,673,641,41,643,
591,558,679,558,679,586,591,586,
354,560,438,560,438,585,354,585,
593,513,680,513,680,541,593,541,
5,510,160,515,159,549,4,544,
220,479,241,479,241,506,220,506,
3,471,121,473,120,505,3,503,
405,417,496,417,496,446,405,446,
246,416,303,416,303,441,246,441,
584,412,683,412,683,448,584,448,
174,417,192,417,192,439,174,439,
9,372,650,370,650,401,9,403,
14,328,144,328,144,355,14,355,
375,327,483,330,482,358,374,355,
517,326,659,326,659,354,517,354,
263,327,322,327,322,353,263,353,
190,327,228,327,228,355,190,355,
157,266,560,269,560,313,157,310,
0,210,28,210,28,236,0,236,
164,164,516,168,516,198,164,194,
200,114,481,119,481,149,200,144,