410,829,551,821,552,843,411,847,
99,403,179,399,180,434,100,438,
309,399,384,399,384,428,309,428,
381,393,461,393,461,427,381,427,
191,390,298,390,298,434,191,434,
473,389,569,386,570,424,474,426,
2,347,315,342,316,376,2,380,
3,304,323,304,323,331,3,331,
75,267,166,269,165,295,74,292,
335,267,357,267,357,290,335,290,
4,260,77,267,75,296,1,290,
503,237,524,237,524,256,503,256,
379,234,474,237,473,258,378,256,
317,233,347,233,347,259,317,259,
1,229,199,236,198,263,0,257,
493,210,511,210,511,227,493,227,
562,211,570,211,570,223,562,223,
371,207,461,209,460,227,370,225,
316,205,340,205,340,227,316,227,
0,201,251,203,251,231,0,229,
509,179,569,179,569,198,509,198,
461,180,491,180,491,196,461,196,
364,175,411,178,410,197,363,194,
290,175,331,175,331,195,290,195,
20,170,149,175,148,196,20,191,
27,144,437,149,437,170,27,165,
29,119,467,128,466,148,29,140,
33,98,282,104,282,121,33,115,
233,76,482,84,481,100,232,93,
81,77,93,77,93,85,81,85,
37,76,82,76,82,87,37,87,
92,71,241,78,240,95,91,88,
129,52,491,63,490,81,129,69,