659,1014,721,1005,723,1021,661,1027,
283,1011,354,1004,356,1021,285,1027,
366,1000,422,992,424,1008,369,1016,
639,997,720,985,723,1004,642,1015,
420,992,478,983,480,998,423,1007,
483,984,541,976,543,990,485,997,
626,978,722,965,724,983,629,997,
268,947,321,944,322,962,269,965,
331,960,547,929,551,950,335,982,
325,940,547,908,549,927,328,958,
678,911,692,911,692,927,678,927,
623,897,721,883,724,902,626,916,
342,889,404,882,407,901,345,909,
423,879,451,879,451,896,423,896,
252,879,328,869,330,888,254,898,
103,851,166,841,169,860,106,870,
445,851,553,838,556,859,448,872,
247,855,420,832,423,851,250,874,
242,831,318,822,320,840,245,850,
416,831,561,815,563,835,418,851,
620,827,721,815,724,838,623,850,
355,818,369,818,369,832,355,832,
557,814,608,810,609,828,558,832,
603,807,677,801,678,820,605,826,
439,804,548,791,550,812,441,825,
413,791,421,791,421,797,413,797,
236,807,415,784,418,804,239,826,
230,781,308,772,311,792,232,801,
618,782,720,770,722,790,620,802,
347,769,361,769,361,785,347,785,
416,784,722,746,724,766,418,804,
446,755,541,743,544,763,449,775,
627,733,719,722,721,742,630,752,
102,732,172,721,175,737,104,748,
226,756,673,702,676,723,229,777,
206,677,316,665,318,688,209,700,
211,703,720,646,723,671,214,728,
391,657,597,634,600,657,394,680,
602,638,624,638,624,647,602,647,
618,632,716,621,719,641,620,652,
14,596,120,586,124,634,19,644,
194,620,702,570,705,596,196,645,
273,585,407,572,409,592,274,605,
432,569,537,558,539,581,435,592,
559,555,663,545,665,567,561,577,
259,525,676,488,679,512,262,550,
6,464,44,464,44,495,6,495,
267,493,661,458,664,483,269,519,
51,448,112,448,112,497,51,497,
232,465,672,428,674,453,235,491,
270,430,646,399,648,425,272,456,
142,402,713,356,716,389,144,436,
150,368,700,325,703,357,153,400,
127,335,712,292,714,324,129,367,
246,294,625,266,627,292,247,320,
253,253,609,227,612,261,255,287,
341,210,522,202,523,232,342,240,