0,911,316,912,316,933,0,932,
72,886,213,889,213,910,72,908,
0,847,382,850,382,875,0,872,
324,802,401,802,401,823,324,823,
0,794,122,801,121,826,0,819,
0,764,56,764,56,785,0,785,
326,734,391,734,391,755,326,755,
0,730,59,727,60,750,0,752,
360,704,397,704,397,719,360,719,
0,697,19,697,19,717,0,717,
1,662,81,662,81,683,1,683,
20,630,157,633,156,651,19,648,
318,587,392,591,390,612,317,608,
148,584,193,584,193,606,148,606,
0,578,71,578,71,599,0,599,
319,559,389,561,389,579,318,577,
0,552,39,552,39,574,0,574,
68,530,96,530,96,550,68,550,
0,526,16,526,16,546,0,546,
335,499,385,499,385,518,335,518,
216,495,266,495,266,513,216,513,
105,490,162,494,161,512,104,508,
57,493,68,493,68,503,57,503,
0,460,310,471,309,492,0,481,
335,441,387,444,386,462,335,460,
161,443,269,438,270,459,162,463,
279,441,301,441,301,453,279,453,
113,435,146,438,145,453,111,450,
62,439,76,439,76,448,62,448,
0,407,272,415,271,435,0,427,
329,390,385,390,385,407,329,407,
214,387,270,387,270,404,214,404,
119,383,161,383,161,397,119,397,
75,384,101,384,101,395,75,395,
0,355,263,364,263,382,0,373,
330,336,387,339,387,357,329,355,
218,336,272,336,272,353,218,353,
123,333,159,333,159,347,123,347,
79,332,91,332,91,346,79,346,
0,302,277,313,276,333,0,322,
330,288,386,288,386,305,330,305,
230,285,278,287,277,305,229,302,
128,282,161,282,161,297,128,297,
85,281,97,281,97,295,85,295,
0,255,294,265,293,282,0,272,
332,239,387,242,387,260,332,258,
233,236,279,239,278,257,232,254,
134,234,166,234,166,249,134,249,
92,237,100,237,100,247,92,247,
0,207,321,217,320,236,0,225,
332,195,387,195,387,212,332,212,
227,191,283,191,283,208,227,208,
98,193,103,193,103,198,98,198,
144,189,166,189,166,203,144,203,
6,165,272,171,271,187,6,181,
294,150,377,153,377,167,294,165,
215,146,279,151,278,168,214,163,
151,149,187,149,187,163,151,163,
115,148,156,148,156,162,115,162,
16,141,91,147,89,164,15,158,
100,120,313,127,312,147,99,140,
7,89,35,89,35,105,7,105,
112,74,303,79,303,93,111,88,
133,52,288,56,288,73,133,70,