92,737,390,751,389,768,91,754,
185,724,302,730,301,747,184,742,
46,690,443,709,442,730,45,711,
383,673,442,673,442,691,383,691,
221,662,262,666,260,688,218,684,
23,654,148,659,147,680,23,674,
383,645,443,645,443,663,383,663,
19,630,116,637,115,657,17,650,
138,615,162,615,162,634,138,634,
18,606,90,609,88,630,17,627,
386,581,443,581,443,602,386,602,
265,580,322,580,322,598,265,598,
165,574,202,577,200,596,163,593,
120,577,133,577,133,592,120,592,
23,545,350,552,350,572,23,566,
383,523,442,523,442,542,383,542,
263,520,321,520,321,538,263,538,
165,517,200,520,198,538,163,535,
120,518,133,518,133,535,120,535,
24,492,345,493,345,511,24,510,
380,465,437,465,437,483,380,483,
262,463,319,463,319,481,262,481,
166,463,198,463,198,478,166,478,
120,464,132,464,132,479,120,479,
26,438,378,438,378,455,26,455,
376,408,433,408,433,426,376,426,
261,408,317,408,317,426,261,426,
166,409,199,409,199,424,166,424,
125,411,133,411,133,423,125,423,
28,384,373,382,373,400,28,402,
166,356,200,356,200,371,166,371,
124,357,136,357,136,371,124,371,
261,354,315,354,315,372,261,372,
374,353,430,353,430,370,374,370,
29,332,353,327,353,347,29,352,
125,307,138,307,138,320,125,320,
166,305,198,305,198,320,166,320,
269,303,313,303,313,318,269,318,
381,301,427,301,427,316,381,316,
32,284,369,276,370,293,32,301,
166,254,199,254,199,271,166,271,
125,255,138,255,138,270,125,270,
264,252,311,248,313,266,266,270,
366,248,424,245,424,264,367,266,
28,231,391,219,392,243,29,255,
126,207,135,207,135,218,126,218,
166,204,198,204,198,219,166,219,
255,201,309,197,311,215,257,219,
365,194,421,192,421,210,366,213,
30,182,402,168,403,192,31,207,
38,159,113,161,113,178,37,176,
133,158,408,142,410,163,135,180,
121,130,334,120,335,141,121,150,
22,98,53,98,53,117,22,117,
123,72,322,60,323,78,124,90,
142,43,304,34,305,54,143,63,