144,469,164,469,164,497,144,497,
349,444,368,445,365,498,347,497,
270,444,288,445,285,497,266,496,
404,443,424,443,424,470,404,470,
305,439,324,439,324,496,305,496,
183,432,202,432,202,497,183,497,
217,396,246,398,240,499,211,498,
415,370,435,370,435,391,415,391,
392,364,416,364,416,397,392,397,
352,297,371,298,368,349,350,348,
271,293,294,295,290,350,267,349,
409,290,428,292,425,322,406,320,
310,289,328,289,325,349,307,348,
745,246,760,246,760,295,745,295,
581,220,603,220,603,323,581,323,
408,217,428,217,428,247,408,247,
549,192,569,193,566,339,545,338,
683,183,705,184,699,357,678,356,
704,178,732,178,732,505,704,505,
658,176,678,177,675,367,654,367,
89,165,113,166,108,354,83,353,
619,130,646,130,642,407,615,406,
42,122,63,122,59,422,38,421,
410,91,429,92,425,172,407,171,
360,59,381,59,381,181,360,181,
339,57,358,59,354,107,335,105,
307,57,325,57,325,140,307,140,
270,52,291,53,287,183,265,182,
772,48,806,48,803,497,768,497,
715,34,736,35,731,161,709,161,
149,23,173,24,171,150,146,150,
190,24,208,25,204,97,186,96,
315,27,326,27,326,38,315,38,
414,25,428,25,428,40,414,40,
277,25,290,25,290,39,277,39,
218,19,246,20,239,225,211,224,
523,17,542,18,538,146,520,146,
489,16,509,16,505,315,484,315,
456,13,476,13,474,224,454,224,