98,617,448,613,448,651,98,655,
457,575,553,579,552,604,456,600,
23,578,240,573,240,603,23,608,
519,539,553,539,553,566,519,566,
25,540,250,535,250,560,25,565,
458,501,552,501,552,525,458,525,
22,497,145,499,145,528,22,525,
270,501,283,501,283,518,270,518,
27,464,158,464,158,491,27,491,
477,462,554,465,553,491,476,487,
321,464,381,464,381,486,321,486,
408,466,422,466,422,483,408,483,
464,428,552,430,552,452,464,450,
24,430,130,428,130,453,24,455,
309,429,381,429,381,450,309,450,
408,431,422,431,422,448,408,448,
464,395,552,395,552,419,464,419,
308,395,380,395,380,417,308,417,
24,395,167,392,167,417,24,420,
408,393,425,395,421,417,404,414,
464,361,550,361,550,382,464,382,
307,360,380,360,380,381,307,381,
25,359,170,359,170,383,25,383,
407,362,421,362,421,379,407,379,
269,361,282,361,282,376,269,376,
432,321,551,321,551,346,432,346,
387,320,419,320,419,345,387,345,
310,320,348,320,348,344,310,344,
31,316,137,319,137,347,31,344,
250,318,280,318,280,345,250,345,
36,277,380,281,380,309,36,305,
38,244,413,251,413,275,38,268,
39,209,256,212,256,236,39,233,
37,166,448,172,448,199,37,193,
121,126,469,134,469,165,121,158,