653,485,664,485,664,548,653,548,
703,475,722,475,722,558,703,558,
753,412,775,412,777,561,755,562,
725,406,744,406,745,559,726,559,
675,403,693,403,695,558,677,558,
579,405,594,405,594,545,579,545,
649,389,658,389,658,407,649,407,
644,334,659,334,659,371,644,371,
614,318,635,317,645,547,624,548,
670,315,688,315,688,373,670,373,
591,298,612,297,621,549,600,550,
673,289,685,289,685,320,673,320,
642,287,659,287,659,319,642,319,
541,273,563,272,572,550,550,551,
777,268,802,267,809,510,784,510,
517,265,539,265,543,498,522,498,
693,203,712,203,712,266,693,266,
667,203,687,203,687,264,667,264,
641,203,660,203,660,292,641,292,
721,202,737,202,737,226,721,226,
747,200,766,200,766,267,747,267,