219,905,376,903,377,927,219,929,
33,870,574,870,574,893,33,893,
502,824,583,824,583,848,502,848,
1,823,165,825,165,848,1,846,
273,789,325,789,325,811,273,811,
494,787,589,787,589,811,494,811,
5,786,170,786,170,807,5,807,
0,751,128,755,128,779,0,775,
496,749,591,749,591,773,496,773,
176,727,192,727,192,749,176,749,
0,718,92,721,91,749,0,746,
199,677,246,677,246,696,199,696,
138,677,151,677,151,696,138,696,
339,671,419,671,419,696,339,696,
510,670,593,670,593,695,510,695,
1,640,562,632,562,659,1,667,
136,599,149,599,149,618,136,618,
205,595,240,595,240,619,205,619,
353,590,423,590,423,619,353,619,
514,589,599,589,599,614,514,614,
2,563,402,553,403,577,2,587,
177,531,187,521,196,530,186,540,
136,518,149,518,149,537,136,537,
194,515,244,511,246,534,196,538,
339,507,423,507,423,535,339,535,
513,504,600,500,602,528,514,532,
1,483,476,465,477,493,2,511,
197,431,246,431,246,454,197,454,
133,433,148,433,148,456,133,456,
339,426,422,422,423,450,340,454,
515,421,600,416,602,442,516,447,
3,401,364,388,365,414,4,427,
132,353,148,353,148,376,132,376,
194,350,246,347,248,372,195,375,
338,342,421,339,423,368,339,372,
514,335,599,331,601,357,515,362,
2,320,371,305,372,332,3,347,
132,273,149,273,149,295,132,295,
196,267,246,267,246,293,196,293,
337,262,422,256,424,284,339,291,
512,250,600,248,601,276,513,278,
2,241,546,213,547,240,3,268,
3,204,113,201,114,226,3,228,
150,196,185,193,187,217,152,220,
212,191,267,188,268,214,213,217,
311,185,412,182,413,210,311,213,
441,181,578,173,579,197,443,205,
124,148,466,132,468,169,125,185,
0,111,18,111,18,130,0,130,
138,70,444,55,445,78,139,93,
172,36,413,26,414,46,173,56,