88,933,513,934,513,963,88,962,
9,880,85,885,83,916,7,910,
460,880,597,876,598,905,461,909,
11,838,182,841,182,870,11,868,
459,835,596,831,597,860,460,864,
7,746,164,746,164,783,7,783,
418,743,589,743,589,773,418,773,
81,697,140,701,138,724,80,720,
511,696,594,696,594,720,511,720,
266,695,352,695,352,721,266,721,
28,665,192,663,193,689,28,691,
87,630,144,634,142,657,85,653,
251,630,352,630,352,655,251,655,
491,628,592,628,592,654,491,654,
33,598,143,598,143,623,33,623,
473,566,589,566,589,591,473,591,
233,568,352,565,352,590,234,593,
89,564,148,567,147,593,87,590,
37,532,217,534,217,559,36,557,
242,476,568,480,567,502,242,498,
24,473,150,478,149,500,23,495,
241,443,567,447,566,471,241,467,
25,438,168,442,168,467,24,464,
240,411,358,414,357,437,240,434,
27,409,161,413,160,435,27,431,
240,377,360,380,359,405,240,402,
27,374,196,377,196,403,27,400,
28,336,110,342,108,371,26,366,
243,342,260,342,260,366,243,366,
244,309,529,311,529,335,244,333,
30,302,199,310,197,340,28,331,
245,276,586,280,586,305,245,301,
29,270,162,278,161,303,27,295,
105,222,574,225,574,271,105,268,
253,166,409,171,408,197,252,192,
370,131,612,131,612,153,370,153,
27,119,367,127,367,155,27,147,
404,42,582,44,581,104,403,101,
197,39,374,46,372,110,194,103,
81,39,176,39,176,96,81,96,