26,968,187,970,187,988,26,987,
28,951,230,951,230,966,28,966,
28,922,79,922,79,941,28,941,
158,657,226,657,226,669,158,669,
117,633,274,633,274,646,117,646,
114,617,279,617,279,631,114,631,
214,593,288,593,288,605,214,605,
104,578,167,578,167,593,104,593,
249,577,289,577,289,592,249,592,
152,549,216,549,216,561,152,561,
102,548,145,548,145,563,102,563,
252,547,290,547,290,562,252,562,
153,534,214,534,214,545,153,545,
105,534,143,534,143,546,105,546,
253,533,289,533,289,545,253,545,
104,519,144,519,144,531,104,531,
152,518,214,518,214,530,152,530,
253,516,290,516,290,531,253,531,
104,499,143,499,143,511,104,511,
151,497,209,497,209,512,151,512,
251,496,289,496,289,511,251,511,
188,485,207,485,207,494,188,494,
106,484,143,484,143,496,106,496,
250,481,286,479,287,494,251,496,
181,470,204,470,204,482,181,482,
105,469,155,469,155,481,105,481,
247,468,287,465,288,481,248,484,
103,446,227,445,227,460,103,461,
105,431,213,431,213,445,105,445,
244,432,286,430,286,441,244,444,
106,418,141,418,141,430,106,430,
209,416,286,414,286,429,210,431,
128,394,264,394,264,409,128,409,
149,372,241,371,241,386,149,387,
104,330,147,327,147,341,105,344,
246,329,284,329,284,340,246,340,
106,316,135,316,135,327,106,327,
189,313,283,311,283,326,189,328,
106,301,143,301,143,313,106,313,
258,300,282,300,282,311,258,311,