35,826,429,830,429,851,34,847,
86,805,380,807,380,825,86,823,
34,759,440,764,440,787,33,782,
105,739,358,743,358,760,104,756,
112,670,359,675,358,695,111,690,
427,656,441,656,441,672,427,672,
34,650,151,650,151,669,34,669,
376,631,440,634,439,652,376,649,
44,629,121,629,121,646,44,646,
377,609,439,611,438,629,377,627,
34,606,169,605,169,623,35,624,
378,588,439,588,439,605,378,605,
33,582,197,582,197,602,33,602,
378,565,439,565,439,582,378,582,
34,561,234,561,234,578,34,578,
376,518,437,521,436,539,376,536,
317,520,330,520,330,536,317,536,
214,518,273,518,273,536,214,536,
28,518,155,518,155,532,28,532,
276,497,318,497,318,512,276,512,
27,492,284,495,284,515,26,512,
379,474,438,474,438,492,379,492,
316,475,329,475,329,489,316,489,
215,473,272,473,272,490,215,490,
27,469,155,472,155,489,26,486,
333,451,417,451,417,469,333,469,
211,450,281,450,281,467,211,467,
172,451,207,451,207,465,172,465,
288,449,342,449,342,467,288,467,
26,448,166,449,166,466,26,465,
377,427,437,427,437,445,377,445,
318,430,327,430,327,442,318,442,
213,427,270,427,270,445,213,445,
26,424,155,427,155,443,25,441,
283,412,288,412,288,416,283,416,
286,404,398,404,398,423,286,423,
23,401,286,403,286,423,23,421,
378,384,437,384,437,398,378,398,
23,379,47,379,47,395,23,395,
377,359,438,359,438,377,377,377,
316,360,330,360,330,376,316,376,
211,357,271,357,271,375,211,375,
22,355,153,357,153,374,22,372,
302,334,350,338,349,356,301,353,
179,333,302,335,302,352,178,350,
23,330,174,333,174,351,22,348,
379,311,438,311,438,329,379,329,
308,311,329,311,329,330,308,330,
200,306,272,309,271,330,199,328,
22,303,104,307,103,329,21,325,
308,264,437,266,437,284,308,282,
21,261,100,261,100,278,21,278,
328,238,437,240,436,260,327,258,
19,233,270,238,269,259,18,254,
149,210,309,215,309,236,149,231,
232,171,353,171,353,190,232,190,
213,143,370,146,370,167,213,163,
20,133,153,140,151,171,19,164,
189,117,395,118,395,138,188,137,
215,93,368,93,368,110,215,110,